,단어명,정치 빈도수
0,대통령,1433
1,김정은,682
2,남북,501
3,회담,494
4,비핵화,370
5,트럼프,362
6,정상회담,288
7,국회,284
8,북한,270
9,홍준표,266
10,선언,259
11,평양,230
12,속보,225
13,민주당,222
14,제재,218
15,합의,206
16,평화,200
17,장관,197
18,한미,196
19,안철수,189
20,훈련,186
21,김성태,183
22,논의,180
23,판문점,180
24,지방선거,177
25,대북,176
26,드루,171
27,경제,166
28,논란,162
29,한반도,153
30,대화,151
31,문제,141
32,선거,139
33,인사,138
34,통일부,137
35,청와대,134
36,방북,134
37,폼페이,131
38,여야,130
39,우리,128
40,의혹,128
41,평창,127
42,국민,125
43,특검,125
44,방문,122
45,이재명,121
46,협상,119
47,지원,118
48,통일,118
49,김영철,116
50,국방부,115
51,발언,113
52,정상,113
53,공동,112
54,개최,112
55,검토,112
56,중단,110
57,협의,110
58,이해찬,110
59,출마,110
60,군사,108
61,김병준,108
62,총리,108
63,회의,108
64,김경수,108
65,미국,106
66,보수,105
67,미군,104
68,북미,103
69,정책,102
70,강경화,102
71,국방,102
72,위원장,100
73,개헌,100
74,북핵,99
75,외교,98
76,외교부,97
77,싱가포르,96
78,준비,96
79,공개,95
80,전문가,93
81,발표,93
82,박원순,93
83,조명,92
84,반대,91
85,고위,89
86,폐기,89
87,보도,88
88,사퇴,86
89,협력,85
90,남북정상회담,85
91,김기식,85
92,중국,84
93,확인,84
94,특사,84
95,개헌안,84
96,요구,83
97,기무사,83
98,유승민,83
99,사실,82
100,지지율,81
101,수사,79
102,종전,77
103,위해,75
104,성장,75
105,최저임금,75
106,김문수,75
107,압박,74
108,가능성,74
109,안보,74
110,취소,74
111,조사,73
112,소득,73
113,임종석,73
114,조치,73
115,일자리,71
116,실무,71
117,추미애,71
118,처리,70
119,석탄,70
120,입장,69
121,인권,69
122,정권,69
123,정의용,69
124,단독,69
125,참석,68
126,주간조선,68
127,국가,68
128,행사,68
129,주도,67
130,유엔,67
131,통합,67
132,정당,66
133,결정,66
134,김여정,66
135,개혁,65
136,매체,65
137,재개,65
138,검찰,65
139,연합,64
140,언급,64
141,도착,63
142,문건,63
143,보고,63
144,선관위,63
145,계속,62
146,시진핑,62
147,전략,62
148,공연,61
149,지지,61
150,일정,61
151,예술,61
152,국정원,61
153,수석,60
154,야당,60
155,핵실험,60
156,철수,60
157,비준,60
158,동참,60
159,지사,60
160,올림픽,59
161,민주,59
162,일화,59
163,요청,58
164,연락,58
165,경남,58
166,사과,57
167,계리,57
168,고용,57
169,점검,57
170,나눔,57
171,손학규,56
172,필요,56
173,천안함,56
174,확정,56
175,관련,56
176,공천,56
177,전문,55
178,장하,55
179,특별,55
180,사람,55
181,비판,55
182,통화,55
183,볼턴,55
184,투표,55
185,펀드,55
186,현송월,55
187,예산,54
188,완화,54
189,카드,54
190,교육감,54
191,책임,53
192,대사,53
193,우려,53
194,추가,53
195,제안,53
196,철도,53
197,비서,53
198,사무소,53
199,결과,53
200,고발,53
201,임명,52
202,최고,52
203,구성,52
204,파견,52
205,접촉,52
206,서울시장,52
207,연기,51
208,하나,51
209,공식,51
210,환영,51
211,단체,51
212,문재인,51
213,평창올림픽,51
214,출신,50
215,실장,50
216,개성,50
217,언론,50
218,송영,50
219,시간,49
220,사령관,49
221,위반,49
222,가능,49
223,면담,49
224,유해,49
225,후보자,49
226,진단,49
227,댓글,49
228,혁신,48
229,경찰,48
230,방송,48
231,해결,48
232,호텔,48
233,열병,48
234,적폐,48
235,출구조사,48
236,김동연,47
237,주장,47
238,대응,46
239,생각,46
240,거부,46
241,차관,46
242,의지,46
243,자유,46
244,아베,46
245,여당,46
246,기자,46
247,사건,46
248,하라,45
249,폐지,45
250,이낙연,44
251,확대,44
252,진전,44
253,관계,44
254,뉴스,44
255,만찬,44
256,시장,44
257,문정인,43
258,장성,43
259,규제,42
260,홍영표,42
261,계엄,42
262,안해,42
263,대책,42
264,이상,42
265,탈북,42
266,상봉,42
267,송환,42
268,미사일,41
269,금지,41
270,사업,41
271,계획,41
272,기대,41
273,모든,41
274,개선,41
275,역사,41
276,본회의,41
277,성공,41
278,종업원,41
279,사전투표,41
280,현장,40
281,포함,40
282,인상,40
283,금강산,40
284,모두,40
285,시설,40
286,발의,40
287,이후,40
288,교육,40
289,체제,40
290,유세,40
291,남경필,40
292,공약,40
293,국민의당,40
294,정의당,39
295,인정,39
296,노력,39
297,격동,39
298,방남,38
299,통해,38
300,동맹,38
301,과거,38
302,포기,38
303,상황,38
304,러시아,38
305,법안,38
306,청산,38
307,권력,38
308,백악관,38
309,검증,37
310,조국,37
311,나라,37
312,동의,37
313,이행,37
314,공세,37
315,국정,37
316,연설,37
317,위안부,37
318,핵심,37
319,서해,37
320,이산가족,37
321,지역,37
322,통과,37
323,정보,36
324,실패,36
325,내달,36
326,무산,36
327,수도,36
328,강화,36
329,방한,36
330,노무현,36
331,질문,36
332,출발,36
333,약속,36
334,비난,35
335,지시,35
336,예정,35
337,남북관계,35
338,대선,35
339,원내대표,35
340,박지원,35
341,청원,35
342,원전,34
343,위원,34
344,교체,34
345,전달,34
346,위기,34
347,여사,34
348,방안,34
349,다음,34
350,시대,34
351,소통,34
352,발전,34
353,공사,34
354,초청,34
355,수용,34
356,경기,34
357,안전,34
358,참가,34
359,유은혜,34
360,통신,34
361,당선,34
362,노회찬,34
363,가상,34
364,화폐,34
365,헌법,33
366,하락,33
367,활동,33
368,유감,33
369,사용,33
370,진행,33
371,사드,33
372,작년,33
373,장소,33
374,공무원,33
375,취재,33
376,메시지,33
377,대상,33
378,국회의원,33
379,펜스,32
380,갈등,32
381,총선,32
382,위협,32
383,신고,32
384,일본,32
385,시민,32
386,탈당,32
387,비용,32
388,안희정,32
389,여성,32
390,서훈,32
391,당선자,32
392,강행,31
393,원희룡,31
394,해체,31
395,조율,31
396,해외,31
397,기념,31
398,촉구,31
399,교류,31
400,심재철,31
401,기관,31
402,성과,30
403,선물,30
404,세력,30
405,채택,30
406,의장,30
407,통보,30
408,방위,30
409,개정,30
410,강조,30
411,간다,30
412,제출,30
413,일부,30
414,취임,30
415,국제,30
416,내용,30
417,때문,30
418,이방,30
419,귀국,30
420,설치,30
421,종료,30
422,집중,30
423,의심,30
424,주민,30
425,전쟁,30
426,우원식,30
427,대변인,29
428,의미,29
429,단계,29
430,얘기,29
431,처음,29
432,조작,29
433,공단,29
434,지방,29
435,공조,29
436,승리,29
437,조선,29
438,김영남,29
439,공항,29
440,혐의,29
441,비대,29
442,특활비,29
443,노동신문,28
444,총장,28
445,속도,28
446,전면,28
447,여권,28
448,거론,28
449,주년,28
450,철회,28
451,반발,28
452,여부,28
453,역할,28
454,사전,28
455,리용호,28
456,사고,28
457,여론조사,28
458,단일,28
459,피해,27
460,중지,27
461,현실,27
462,유력,27
463,전환,27
464,운영,27
465,유지,27
466,대한민국,27
467,경선,27
468,감사,27
469,반입,27
470,성추행,27
471,군수,27
472,마식령,27
473,강제,26
474,출범,26
475,보고서,26
476,재판,26
477,육군,26
478,돌입,26
479,참여,26
480,충돌,26
481,먼저,26
482,뉴욕,26
483,국감,26
484,가짜,26
485,불법,26
486,평가,26
487,막판,26
488,정상화,26
489,만남,26
490,상임,26
491,불참,26
492,출장,26
493,복귀,26
494,보복,26
495,악수,26
496,중앙,26
497,오찬,26
498,선수,26
499,호소,26
500,도입,25
501,개입,25
502,야권,25
503,국민연금,25
504,겨냥,25
505,직전,25
506,대위,25
507,인도,25
508,첫날,25
509,등장,25
510,일방,25
511,동행,25
512,경호,25
513,이전,25
514,깜짝,25
515,선발,25
516,전남,25
517,사회,24
518,작전,24
519,경고,24
520,완전,24
521,정치권,24
522,침묵,24
523,개편,24
524,추천,24
525,건설,24
526,공격,24
527,관광,24
528,이틀,24
529,행동,24
530,한국인,24
531,완료,24
532,본격,24
533,이재용,24
534,의견,24
535,차례,24
536,직원,24
537,홍보,24
538,의제,24
539,긴급,24
540,미투,24
541,추경,24
542,적극,23
543,개발,23
544,부동산,23
545,신임,23
546,가장,23
547,특위,23
548,냉면,23
549,탁현민,23
550,변화,23
551,판단,23
552,사찰,23
553,리얼미터,23
554,효과,23
555,지지도,23
556,가동,23
557,세계,23
558,외무,23
559,대신,23
560,비리,23
561,연결,23
562,해명,23
563,제기,23
564,의문,23
565,서명,23
566,라인,23
567,기지,22
568,국내,22
569,공군,22
570,도전,22
571,청문회,22
572,주의,22
573,영호,22
574,부대,22
575,만날,22
576,김정숙,22
577,핵무기,22
578,토론,22
579,경협,22
580,내정,22
581,내부,22
582,국군,22
583,폐쇄,22
584,성사,22
585,업무,22
586,박근혜,22
587,허위,22
588,신뢰,22
589,평화협정,22
590,생일,22
591,개각,22
592,합동,22
593,도지사,22
594,예비,22
595,경북,22
596,해임,21
597,전원책,21
598,협치,21
599,경질,21
600,판결,21
601,시위,21
602,도로,21
603,정신,21
604,유출,21
605,연내,21
606,실시,21
607,축소,21
608,은행,21
609,워싱턴,21
610,세월호,21
611,진보,21
612,도부,21
613,순방,21
614,조건,21
615,행위,21
616,탈북자,21
617,이드,21
618,찬성,21
619,압수수색,21
620,청년,21
621,목표,21
622,차량,21
623,시민단체,21
624,관람,21
625,민병두,21
626,친서,21
627,당권,21
628,감축,21
629,민심,21
630,타고,21
631,이동,21
632,생중계,21
633,기간,21
634,진실,21
635,억류,21
636,선수단,21
637,단축,21
638,투자,20
639,의결,20
640,리비아,20
641,설전,20
642,마린,20
643,교황,20
644,비상,20
645,자리,20
646,고려,20
647,해상,20
648,선거운동,20
649,민생,20
650,단장,20
651,거래,20
652,분리,20
653,원장,20
654,충남,20
655,하태경,20
656,독도,20
657,해군,20
658,가족,20
659,관리,20
660,지금,20
661,중요,20
662,리설주,20
663,센터,20
664,행정관,20
665,국회의장,20
666,청탁,20
667,송파,20
668,배치,19
669,당원,19
670,대비,19
671,결의,19
672,최종,19
673,갤럽,19
674,선전,19
675,부담,19
676,정경두,19
677,전날,19
678,국무부,19
679,자기,19
680,영향,19
681,양보,19
682,착수,19
683,선박,19
684,사망,19
685,마음,19
686,시사,19
687,매우,19
688,연대,19
689,보좌,19
690,심판,19
691,국정조사,19
692,불발,19
693,선출,19
694,최선,19
695,한번,19
696,충북,19
697,삭제,19
698,강남,19
699,백두산,19
700,베트남,19
701,의원직,19
702,대한,19
703,한반도기,19
704,프로필,19
705,김진표,19
706,연루,19
707,김동철,19
708,방중,19
709,폭침,19
710,인천,19
711,확성기,19
712,단식,19
713,징용,18
714,참모,18
715,다른,18
716,잘못,18
717,내주,18
718,비공개,18
719,청문,18
720,강력,18
721,불가,18
722,분석,18
723,운동,18
724,표현,18
725,의사,18
726,처벌,18
727,자문,18
728,체육,18
729,사단,18
730,양국,18
731,시기,18
732,협조,18
733,피해자,18
734,대사관,18
735,탄핵,18
736,교통,18
737,협정,18
738,자료,18
739,통계,18
740,병력,18
741,구체,18
742,집권,18
743,서울시,18
744,시도,18
745,다음주,18
746,종합,18
747,부처,18
748,집단,18
749,민간,18
750,담판,18
751,날짜,18
752,사위,18
753,조성,18
754,기회,18
755,숙소,18
756,접견,18
757,이산,18
758,구속,18
759,주목,17
760,김수현,17
761,철거,17
762,피랍,17
763,해병대,17
764,변경,17
765,기자회견,17
766,나선,17
767,타결,17
768,걱정,17
769,지휘,17
770,교환,17
771,푸틴,17
772,돌연,17
773,희망,17
774,시찰,17
775,항의,17
776,민주주의,17
777,보장,17
778,징계,17
779,간담,17
780,성명,17
781,전작권,17
782,분노,17
783,공공기관,17
784,제외,17
785,설명,17
786,신설,17
787,무력,17
788,최악,17
789,입법,17
790,파행,17
791,이름,17
792,예고,17
793,산업,17
794,마치,17
795,기획,17
796,주한,17
797,부정,17
798,원금,17
799,여군,17
800,동원,17
801,싸움,17
802,구조,17
803,영변,17
804,강원,17
805,사의,17
806,문희상,17
807,재선,17
808,위장,17
809,공유,17
810,표명,17
811,부인,17
812,청장,17
813,공장,17
814,스캔들,17
815,대구시,17
816,정세균,17
817,패럴림픽,17
818,중간,16
819,비밀,16
820,승인,16
821,구역,16
822,지적,16
823,재정,16
824,돌파,16
825,전당대회,16
826,신문,16
827,여론,16
828,성폭행,16
829,특수,16
830,유족,16
831,주자,16
832,동향,16
833,주기,16
834,방식,16
835,시험,16
836,가치,16
837,절대,16
838,귀환,16
839,탈북민,16
840,권한,16
841,무관,16
842,제한,16
843,즉각,16
844,해리스,16
845,복구,16
846,송영길,16
847,연장,16
848,기사,16
849,무기,16
850,인민,16
851,김태호,16
852,조정,16
853,좌파,16
854,국무회의,16
855,분위기,16
856,토론회,16
857,수사권,16
858,명단,16
859,잡기,16
860,용산,16
861,의전,16
862,반드시,16
863,아들,16
864,출동,16
865,군사훈련,16
866,표심,16
867,관심,16
868,박수현,16
869,핫라인,16
870,재보선,16
871,민정,15
872,훼손,15
873,연속,15
874,의회,15
875,서도,15
876,공작,15
877,수출,15
878,체포,15
879,부총리,15
880,리스트,15
881,지도자,15
882,파악,15
883,차기,15
884,전용기,15
885,참배,15
886,안보리,15
887,폭행,15
888,성폭력,15
889,적대,15
890,휴가,15
891,부족,15
892,지자체,15
893,창설,15
894,군용기,15
895,수역,15
896,최저,15
897,수준,15
898,베이징,15
899,부상,15
900,유럽,15
901,무슨,15
902,삼성,15
903,해제,15
904,기준,15
905,의안,15
906,사장,15
907,수장,15
908,친문,15
909,주택,15
910,보유,15
911,우선,15
912,박주선,15
913,바람,15
914,소집,15
915,경쟁,15
916,지대,15
917,인물,15
918,격전,15
919,추락,15
920,은수미,15
921,조폭,15
922,김부선,15
923,우세,15
924,응원단,15
925,노조,14
926,폭풍,14
927,마무리,14
928,자산,14
929,고민,14
930,태극기,14
931,도움,14
932,모임,14
933,민노총,14
934,목소리,14
935,직후,14
936,정청,14
937,세금,14
938,티스,14
939,비건,14
940,세습,14
941,이해,14
942,캠프,14
943,계파,14
944,상징,14
945,조직,14
946,공감,14
947,국빈,14
948,재산,14
949,문화,14
950,포착,14
951,사태,14
952,세종,14
953,조만간,14
954,김관영,14
955,전국,14
956,동시,14
957,밀양,14
958,사무,14
959,변호사,14
960,주말,14
961,편지,14
962,우린,14
963,발굴,14
964,인터넷,14
965,현재,14
966,검사,14
967,쇼크,14
968,축하,14
969,여론조작,14
970,임기,14
971,총력,14
972,송인,14
973,복무,14
974,호남,14
975,허태정,14
976,무소속,14
977,대림,14
978,친박,13
979,출국,13
980,계기,13
981,방미,13
982,김무성,13
983,조절,13
984,진짜,13
985,깜깜,13
986,기록,13
987,동해,13
988,시절,13
989,복지,13
990,도발,13
991,계엄령,13
992,합참,13
993,연일,13
994,불가능,13
995,쇄신,13
996,브룩스,13
997,무역,13
998,이란,13
999,과제,13
1000,합당,13
1001,붕괴,13
1002,면제,13
1003,한일,13
1004,추정,13
1005,재단,13
1006,통상,13
1007,제거,13
1008,허용,13
1009,낙하산,13
1010,복원,13
1011,유치원,13
1012,수송기,13
1013,답변,13
1014,배제,13
1015,제시,13
1016,나경원,13
1017,총수,13
1018,역대,13
1019,산림,13
1020,움직임,13
1021,시간표,13
1022,분담,13
1023,긴밀,13
1024,새벽,13
1025,기초,13
1026,입국,13
1027,간부,13
1028,발사,13
1029,정무,13
1030,병원,13
1031,수행,13
1032,김일성,13
1033,당론,13
1034,결론,13
1035,선택,13
1036,후속,13
1037,민족,13
1038,제공,13
1039,조문,13
1040,중재,13
1041,내각,13
1042,지난,13
1043,제의,13
1044,아내,13
1045,왜곡,13
1046,견제,13
1047,광역단체장,13
1048,분권,13
1049,대회,13
1050,홍일표,13
1051,교섭단체,13
1052,정철,13
1053,미세먼지,13
1054,권영진,13
1055,조배숙,13
1056,저지,13
1057,만경봉호,13
1058,신당,13
1059,신년사,13
1060,부적절,12
1061,개방,12
1062,기업인,12
1063,반응,12
1064,헬기,12
1065,협박,12
1066,노동자,12
1067,작업,12
1068,채널,12
1069,선정,12
1070,실세,12
1071,사이,12
1072,원칙,12
1073,지도,12
1074,최소,12
1075,의식,12
1076,규모,12
1077,공급,12
1078,시범,12
1079,정면,12
1080,성의,12
1081,작성,12
1082,황교안,12
1083,답방,12
1084,여의도,12
1085,병역,12
1086,기술,12
1087,전화,12
1088,시정,12
1089,공모,12
1090,강경,12
1091,해산,12
1092,절차,12
1093,삼지연,12
1094,보상,12
1095,군산,12
1096,진입,12
1097,버스,12
1098,재계,12
1099,연구원,12
1100,인터뷰,12
1101,자금,12
1102,하자,12
1103,이제,12
1104,행보,12
1105,소상,12
1106,공인,12
1107,불만,12
1108,관함,12
1109,시동,12
1110,사정,12
1111,의총,12
1112,총력전,12
1113,미리,12
1114,폭파,12
1115,소장,12
1116,화재,12
1117,참사,12
1118,소환,12
1119,사흘,12
1120,초대,12
1121,한미정상회담,12
1122,자체,12
1123,김정일,12
1124,설득,12
1125,이면,12
1126,납치,12
1127,영화,12
1128,르포,12
1129,정동영,12
1130,중진,12
1131,업자,12
1132,미정,12
1133,지속,12
1134,영업,12
1135,응원,12
1136,개막식,12
1137,구상,12
1138,김영환,12
1139,정세현,12
1140,결단,12
1141,농성,12
1142,자제,12
1143,측근,12
1144,김부겸,12
1145,박영선,12
1146,광장,12
1147,변수,12
1148,도민,12
1149,사회주의,12
1150,광역,12
1151,재보궐,12
1152,사직서,12
1153,석방,12
1154,강릉,12
1155,아이스하키,12
1156,통합신당,12
1157,당국,11
1158,감시,11
1159,정기,11
1160,무장,11
1161,건강,11
1162,전격,11
1163,긴장,11
1164,파괴,11
1165,전망,11
1166,악화,11
1167,환경,11
1168,그룹,11
1169,탄력,11
1170,근로,11
1171,꼼수,11
1172,소송,11
1173,삭감,11
1174,활성화,11
1175,의도,11
1176,단속,11
1177,머리,11
1178,해킹,11
1179,합참의장,11
1180,설문,11
1181,인적,11
1182,접근,11
1183,영상,11
1184,심사,11
1185,음주운전,11
1186,시행,11
1187,강도,11
1188,연평도,11
1189,불허,11
1190,원산,11
1191,국제사회,11
1192,일대,11
1193,적발,11
1194,광화문,11
1195,막말,11
1196,촛불,11
1197,위로,11
1198,반복,11
1199,까닭,11
1200,제도,11
1201,기소,11
1202,비무장,11
1203,교수,11
1204,연습,11
1205,자격,11
1206,열차,11
1207,패싱,11
1208,경비,11
1209,감사원,11
1210,다운,11
1211,지층,11
1212,자세,11
1213,전력,11
1214,서한,11
1215,축전,11
1216,뇌물,11
1217,전해철,11
1218,체크,11
1219,마을,11
1220,분야,11
1221,등록,11
1222,경력,11
1223,배석,11
1224,생산,11
1225,집회,11
1226,지정,11
1227,어디,11
1228,미국인,11
1229,장사,11
1230,건국,11
1231,발목,11
1232,오른,11
1233,진상,11
1234,상대,11
1235,투쟁,11
1236,언제,11
1237,더니,11
1238,일괄,11
1239,이견,11
1240,외신,11
1241,거짓말,11
1242,부부,11
1243,가슴,11
1244,터키,11
1245,재건축,11
1246,대결,11
1247,도성,11
1248,성희롱,11
1249,중심,11
1250,현안,11
1251,독재,11
1252,지구,11
1253,범죄,11
1254,조종사,11
1255,부산시,11
1256,파문,11
1257,가나,11
1258,경의선,11
1259,통째,11
1260,과정,11
1261,농구,11
1262,누가,11
1263,오거돈,11
1264,육로,11
1265,번영,11
1266,카펠라,11
1267,정봉주,11
1268,욕설,11
1269,외유,11
1270,일제,10
1271,기금,10
1272,개설,10
1273,경제부총리,10
1274,연금,10
1275,결심,10
1276,상태,10
1277,신형,10
1278,심상정,10
1279,공원,10
1280,친구,10
1281,종교,10
1282,환수,10
1283,현역,10
1284,인자,10
1285,줄줄이,10
1286,복심,10
1287,전북,10
1288,사격,10
1289,응답,10
1290,침범,10
1291,부분,10
1292,출석,10
1293,지급,10
1294,태풍,10
1295,신청,10
1296,눈치,10
1297,실험,10
1298,천안,10
1299,여명,10
1300,채용,10
1301,수습,10
1302,임박,10
1303,적용,10
1304,확보,10
1305,통제,10
1306,구축,10
1307,빅터,10
1308,출입,10
1309,의무,10
1310,동반,10
1311,입당,10
1312,인력,10
1313,공직,10
1314,애도,10
1315,표결,10
1316,예의,10
1317,팩트,10
1318,독자,10
1319,질의,10
1320,종부세,10
1321,이례,10
1322,서로,10
1323,선희,10
1324,지명,10
1325,현직,10
1326,전단,10
1327,심야,10
1328,탄압,10
1329,반박,10
1330,포인트,10
1331,완성,10
1332,조속,10
1333,원인,10
1334,산책,10
1335,식당,10
1336,운명,10
1337,최룡해,10
1338,영접,10
1339,은산,10
1340,정치자금,10
1341,초선,10
1342,양제츠,10
1343,서열,10
1344,죽음,10
1345,해성,10
1346,외무성,10
1347,세대,10
1348,도시,10
1349,회복,10
1350,후원,10
1351,개념,10
1352,결식,10
1353,대강,10
1354,게임,10
1355,최재성,10
1356,북중,10
1357,빈소,10
1358,총영사,10
1359,정계,10
1360,사례,10
1361,기초단체장,10
1362,광주시,10
1363,최문순,10
1364,이용섭,10
1365,유권자,10
1366,여배우,10
1367,일행,10
1368,벽보,10
1369,노래,10
1370,맥스,10
1371,선더,10
1372,대접,10
1373,새해,10
1374,수정,9
1375,엄중,9
1376,정체,9
1377,이용,9
1378,리더십,9
1379,타격,9
1380,예산안,9
1381,코드,9
1382,순직,9
1383,휴대폰,9
1384,민간인,9
1385,하원,9
1386,장악,9
1387,정황,9
1388,사죄,9
1389,전대,9
1390,비서실,9
1391,경기도,9
1392,왕래,9
1393,독주,9
1394,수입,9
1395,정도,9
1396,안정,9
1397,진화,9
1398,투입,9
1399,당부,9
1400,관계자,9
1401,주둔,9
1402,대법원,9
1403,한마디,9
1404,생활,9
1405,농단,9
1406,전화통화,9
1407,이탈,9
1408,개인,9
1409,사자,9
1410,시스템,9
1411,조기,9
1412,비어,9
1413,해당,9
1414,수여,9
1415,이사장,9
1416,무시,9
1417,오세훈,9
1418,함정,9
1419,사령부,9
1420,지뢰,9
1421,난민,9
1422,병사,9
1423,유시민,9
1424,자단,9
1425,훈장,9
1426,방향,9
1427,확산,9
1428,구멍,9
1429,강정,9
1430,항모,9
1431,본부,9
1432,사임,9
1433,전기,9
1434,곳곳,9
1435,체결,9
1436,장비,9
1437,위법,9
1438,저녁,9
1439,테이블,9
1440,전원,9
1441,건물,9
1442,다리,9
1443,두번째,9
1444,비행기,9
1445,아파트,9
1446,자진,9
1447,도종환,9
1448,재난,9
1449,수령,9
1450,박정희,9
1451,자영,9
1452,가면,9
1453,지진,9
1454,승부,9
1455,명시,9
1456,집결,9
1457,이하,9
1458,결렬,9
1459,인방,9
1460,국정원장,9
1461,지지자,9
1462,마주,9
1463,이명박,9
1464,법원,9
1465,청구,9
1466,본부장,9
1467,반성,9
1468,전체,9
1469,입항,9
1470,부실,9
1471,피감,9
1472,논쟁,9
1473,가지,9
1474,모델,9
1475,자신,9
1476,성김,9
1477,김종필,9
1478,오사카,9
1479,지방의회,9
1480,송하진,9
1481,텃밭,9
1482,제천,9
1483,노원,9
1484,미니,9
1485,폭탄,9
1486,옥중,9
1487,국민투표법,9
1488,마식령스키장,9
1489,유튜브,8
1490,소위,8
1491,인기,8
1492,싱크탱크,8
1493,기구,8
1494,동결,8
1495,하와이,8
1496,폭로,8
1497,약화,8
1498,전투,8
1499,사법부,8
1500,포항,8
1501,일단,8
1502,기밀,8
1503,조현,8
1504,대규모,8
1505,인공,8
1506,스스로,8
1507,수립,8
1508,남방,8
1509,상품,8
1510,원유,8
1511,윤리,8
1512,원사,8
1513,사상,8
1514,표정,8
1515,수순,8
1516,과속,8
1517,위원회,8
1518,참관,8
1519,지연,8
1520,존중,8
1521,정치인,8
1522,대부분,8
1523,임무,8
1524,잠수함,8
1525,통계청장,8
1526,장사정포,8
1527,역량,8
1528,이재,8
1529,관광객,8
1530,권익위,8
1531,발견,8
1532,철강,8
1533,방치,8
1534,예상,8
1535,해석,8
1536,헌법재판관,8
1537,심각,8
1538,이메일,8
1539,목적,8
1540,개막,8
1541,치유,8
1542,제대로,8
1543,프랑스,8
1544,대법관,8
1545,방침,8
1546,특혜,8
1547,취업,8
1548,보직,8
1549,박한기,8
1550,보훈처,8
1551,사열,8
1552,폭발,8
1553,관세청,8
1554,원대,8
1555,문서,8
1556,노동당,8
1557,전용,8
1558,최근,8
1559,갱도,8
1560,얼굴,8
1561,동창,8
1562,노스,8
1563,도덕성,8
1564,돋보기,8
1565,인재,8
1566,창현,8
1567,친선,8
1568,격돌,8
1569,현지,8
1570,규명,8
1571,화해,8
1572,추석,8
1573,전혀,8
1574,관세,8
1575,필리핀,8
1576,후퇴,8
1577,논평,8
1578,이도훈,8
1579,정례,8
1580,브리핑,8
1581,주적,8
1582,장애인,8
1583,도심,8
1584,거절,8
1585,리수용,8
1586,최강,8
1587,남조선,8
1588,사안,8
1589,노총,8
1590,최측근,8
1591,이념,8
1592,그대로,8
1593,정말,8
1594,긍정,8
1595,해도,8
1596,주사파,8
1597,대체복무,8
1598,맹공,8
1599,군부,8
1600,보물,8
1601,파탄,8
1602,코피,8
1603,아시안,8
1604,밀수,8
1605,영장,8
1606,주인,8
1607,주재,8
1608,격려,8
1609,대처,8
1610,주시,8
1611,방지,8
1612,평균,8
1613,실수,8
1614,낙마,8
1615,의료,8
1616,마감,8
1617,미스터리,8
1618,정리,8
1619,불가피,8
1620,참패,8
1621,당사,8
1622,기적,8
1623,순위,8
1624,강원도,8
1625,박범계,8
1626,송철호,8
1627,적십자,8
1628,압승,8
1629,전시장,8
1630,군민,8
1631,서병수,8
1632,햄버거,8
1633,메뉴,8
1634,사기,8
1635,매크로,8
1636,고소,8
1637,보라,8
1638,합류,8
1639,차원,8
1640,비행장,8
1641,부위,8
1642,임시국회,8
1643,선거법,8
1644,사각,8
1645,우상호,8
1646,폐막식,8
1647,거래소,8
1648,판매,7
1649,사랑,7
1650,전투기,7
1651,명칭,7
1652,물밑,7
1653,경제정책,7
1654,쌈짓돈,7
1655,아버지,7
1656,문자,7
1657,비분,7
1658,시한,7
1659,심화,7
1660,노동,7
1661,행정부,7
1662,가속,7
1663,강연,7
1664,북방,7
1665,시점,7
1666,경험,7
1667,실제,7
1668,수당,7
1669,세번,7
1670,왕세제,7
1671,심의,7
1672,배상,7
1673,무죄,7
1674,은폐,7
1675,대기업,7
1676,상설,7
1677,여건,7
1678,능력,7
1679,앞서,7
1680,태양광,7
1681,사법,7
1682,근절,7
1683,위헌,7
1684,셀프,7
1685,제왕,7
1686,시나리오,7
1687,전방,7
1688,지침,7
1689,방어,7
1690,연구소,7
1691,조약,7
1692,직무,7
1693,선거구,7
1694,소속,7
1695,인턴,7
1696,봉합,7
1697,기존,7
1698,후반기,7
1699,정해,7
1700,전후,7
1701,위치,7
1702,법적,7
1703,가이드라인,7
1704,고도,7
1705,위장전입,7
1706,무상,7
1707,월급,7
1708,염두,7
1709,정착,7
1710,공직자,7
1711,운용,7
1712,회사,7
1713,한전,7
1714,대로,7
1715,요격,7
1716,소리,7
1717,경계,7
1718,전술,7
1719,방통위,7
1720,공백,7
1721,오락가락,7
1722,불씨,7
1723,처분,7
1724,부통령,7
1725,실질,7
1726,모습,7
1727,어려움,7
1728,양산,7
1729,세상,7
1730,거리,7
1731,특정,7
1732,전제,7
1733,살포,7
1734,화답,7
1735,반등,7
1736,환담,7
1737,수도권,7
1738,자진사퇴,7
1739,영구,7
1740,의장대,7
1741,탑승,7
1742,가방,7
1743,대장,7
1744,학생,7
1745,전세기,7
1746,당일,7
1747,당장,7
1748,입원,7
1749,국면,7
1750,위성,7
1751,이재오,7
1752,순간,7
1753,맞이,7
1754,참여연대,7
1755,화합,7
1756,김상곤,7
1757,지난달,7
1758,하성,7
1759,사항,7
1760,배후,7
1761,몸살,7
1762,별세,7
1763,키즈,7
1764,독대,7
1765,동북아,7
1766,이준석,7
1767,이개,7
1768,증거,7
1769,운동권,7
1770,방산,7
1771,외세,7
1772,범여,7
1773,인근,7
1774,선원,7
1775,실행,7
1776,관측,7
1777,특보,7
1778,김홍걸,7
1779,별난,7
1780,최경환,7
1781,파전,7
1782,대통령제,7
1783,접전,7
1784,당선인,7
1785,사하라,7
1786,몰이,7
1787,총리와,7
1788,거취,7
1789,극적,7
1790,파격,7
1791,고향,7
1792,개표,7
1793,이시종,7
1794,김영록,7
1795,제네바,7
1796,박성효,7
1797,이인제,7
1798,센토,7
1799,대안,7
1800,홍문표,7
1801,정태옥,7
1802,네거티브,7
1803,파기,7
1804,북부,7
1805,정세,7
1806,이익,7
1807,네이버,7
1808,김창선,7
1809,집사,7
1810,광고,7
1811,추경안,7
1812,사직,7
1813,특집,7
1814,금감원,7
1815,소행,7
1816,장제원,7
1817,다스,7
1818,메달,7
1819,마이너스,6
1820,복권,6
1821,게시판,6
1822,대립,6
1823,고집,6
1824,에이브,6
1825,럼스,6
1826,비행,6
1827,스텔스,6
1828,파국,6
1829,고교,6
1830,장군,6
1831,사개특위,6
1832,방탄소년단,6
1833,확실,6
1834,복지부,6
1835,눈물,6
1836,인니,6
1837,기본,6
1838,감찰,6
1839,극단,6
1840,태세,6
1841,돈줄,6
1842,윤종원,6
1843,위급,6
1844,근무,6
1845,실천,6
1846,한강,6
1847,분쟁,6
1848,기재부,6
1849,환대,6
1850,종결,6
1851,노출,6
1852,현충원,6
1853,건의,6
1854,대폭,6
1855,문구,6
1856,도쿄,6
1857,시각,6
1858,의뢰,6
1859,영어,6
1860,공중,6
1861,윤건영,6
1862,외부,6
1863,절반,6
1864,혼자,6
1865,지향,6
1866,중인,6
1867,판사,6
1868,외면,6
1869,내기,6
1870,정의,6
1871,반출,6
1872,시급,6
1873,관장,6
1874,방러,6
1875,정지,6
1876,대형,6
1877,간섭,6
1878,당내,6
1879,용납,6
1880,유예,6
1881,실현,6
1882,초소,6
1883,화기,6
1884,국토,6
1885,마크,6
1886,총회,6
1887,에너지,6
1888,미흡,6
1889,여행,6
1890,전두환,6
1891,임명장,6
1892,중대,6
1893,위험,6
1894,험로,6
1895,실망,6
1896,계절,6
1897,미사,6
1898,주일,6
1899,상응,6
1900,편향,6
1901,초청장,6
1902,난관,6
1903,여기,6
1904,인간,6
1905,외출,6
1906,도보,6
1907,연구,6
1908,표기,6
1909,국토부,6
1910,증가,6
1911,하늘,6
1912,공정위,6
1913,사이버,6
1914,불과,6
1915,체계,6
1916,증원,6
1917,김씨,6
1918,테러,6
1919,걸음,6
1920,기부,6
1921,누락,6
1922,퇴장,6
1923,살인,6
1924,겨레,6
1925,중순,6
1926,공정,6
1927,매듭,6
1928,확신,6
1929,금강산관광,6
1930,고심,6
1931,상승,6
1932,책임자,6
1933,중도,6
1934,교민,6
1935,해법,6
1936,추격,6
1937,대체,6
1938,캠코더,6
1939,쟁점,6
1940,나흘,6
1941,부하,6
1942,음주,6
1943,스키장,6
1944,드론,6
1945,육사,6
1946,거짓,6
1947,공동체,6
1948,감당,6
1949,요원,6
1950,로드맵,6
1951,집값,6
1952,남한,6
1953,유치,6
1954,규탄,6
1955,처럼,6
1956,진선미,6
1957,우릴,6
1958,배경,6
1959,구도,6
1960,자주,6
1961,상의,6
1962,소개,6
1963,나가야,6
1964,최대한,6
1965,예측,6
1966,전자,6
1967,첫걸음,6
1968,혼란,6
1969,추서,6
1970,근거,6
1971,해소,6
1972,영광,6
1973,재개발,6
1974,가야,6
1975,진정,6
1976,네티즌,6
1977,서관,6
1978,끼리,6
1979,병장,6
1980,유공,6
1981,거듭,6
1982,성남,6
1983,전직,6
1984,송구,6
1985,금융,6
1986,폭염,6
1987,김현철,6
1988,질타,6
1989,국무위원,6
1990,인식,6
1991,보훈,6
1992,수수료,6
1993,김영춘,6
1994,권리,6
1995,운전자,6
1996,근로시간,6
1997,죄송,6
1998,수단,6
1999,무대,6
2000,특검법,6
2001,구걸,6
2002,제명,6
2003,개시,6
2004,타워,6
2005,직권남용,6
2006,노골,6
2007,여름,6
2008,캐나다,6
2009,아웃,6
2010,폭격기,6
2011,예방,6
2012,인명,6
2013,추모,6
2014,이부,6
2015,배현진,6
2016,경찰청장,6
2017,당시,6
2018,행정,6
2019,곤혹,6
2020,장병,6
2021,태도,6
2022,수리온,6
2023,분산,6
2024,법률,6
2025,폐회식,6
2026,오만,6
2027,압축,6
2028,부엉이,6
2029,노동시간,6
2030,감기,6
2031,황병서,6
2032,지방정부,6
2033,포럼,6
2034,주력,6
2035,벌써,6
2036,아주,6
2037,귀순,6
2038,어가,6
2039,이철우,6
2040,양승조,6
2041,차이,6
2042,임대윤,6
2043,박남춘,6
2044,공표,6
2045,현수막,6
2046,적임,6
2047,탄생,6
2048,세기,6
2049,유포,6
2050,한밤,6
2051,유정복,6
2052,형수,6
2053,전통,6
2054,김태년,6
2055,대해,6
2056,대기,6
2057,북송,6
2058,부결,6
2059,상실,6
2060,선임,6
2061,불복,6
2062,개통,6
2063,노벨상,6
2064,군사분계선,6
2065,이희호,6
2066,경호처,6
2067,리허설,6
2068,파면,6
2069,강원랜드,6
2070,법조,6
2071,반기문,6
2072,복당,6
2073,명품,6
2074,여자,6
2075,관현악단,6
2076,기름,6
2077,최휘,6
2078,신년,6
2079,투톱,5
2080,출연,5
2081,보류,5
2082,이언주,5
2083,한계,5
2084,맹비,5
2085,당신,5
2086,말씀,5
2087,실체,5
2088,증액,5
2089,가라,5
2090,현금,5
2091,후임,5
2092,건너,5
2093,계약,5
2094,특구,5
2095,번호,5
2096,빅딜,5
2097,낙관,5
2098,노선,5
2099,인권위,5
2100,고개,5
2101,제동,5
2102,공론,5
2103,선거후,5
2104,유통,5
2105,남쪽,5
2106,이용주,5
2107,모디,5
2108,극복,5
2109,지상욱,5
2110,병무청,5
2111,전수,5
2112,서신,5
2113,경의,5
2114,백령도,5
2115,군대,5
2116,환호,5
2117,기조,5
2118,기내,5
2119,목구멍,5
2120,외교관,5
2121,빈손,5
2122,외상,5
2123,근본,5
2124,국교,5
2125,시험대,5
2126,만드,5
2127,깊이,5
2128,망국,5
2129,사이판,5
2130,암살,5
2131,사립,5
2132,게재,5
2133,보기,5
2134,한라산,5
2135,수송,5
2136,불투명,5
2137,공포,5
2138,감소,5
2139,동영상,5
2140,유류,5
2141,김구,5
2142,뿌리,5
2143,달성,5
2144,세부,5
2145,합법,5
2146,교과서,5
2147,난항,5
2148,침해,5
2149,환경부,5
2150,합리,5
2151,주식,5
2152,존재,5
2153,인도네시아,5
2154,표시,5
2155,냉전,5
2156,공기업,5
2157,보완,5
2158,황당,5
2159,잔치,5
2160,아시아,5
2161,조원진,5
2162,권유,5
2163,촬영,5
2164,한중,5
2165,기여,5
2166,대외,5
2167,잡고,5
2168,헤일리,5
2169,분단,5
2170,상처,5
2171,시청,5
2172,몸싸움,5
2173,대치,5
2174,기반,5
2175,교황청,5
2176,일치,5
2177,의겸,5
2178,내야,5
2179,아래,5
2180,별도,5
2181,소동,5
2182,접수,5
2183,무효,5
2184,부당,5
2185,수수,5
2186,법무,5
2187,노건호,5
2188,이야기,5
2189,취하,5
2190,파리,5
2191,정쟁,5
2192,사유,5
2193,교육부,5
2194,징후,5
2195,사면,5
2196,김진태,5
2197,노릇,5
2198,감독,5
2199,임대,5
2200,발상,5
2201,재편,5
2202,국보법,5
2203,대거,5
2204,벤츠,5
2205,충북지사,5
2206,상공,5
2207,소나무,5
2208,욱일기,5
2209,한인,5
2210,상원,5
2211,신의주,5
2212,정전협정,5
2213,추문,5
2214,비례대표,5
2215,외압,5
2216,대국민,5
2217,수호,5
2218,재건,5
2219,추락사고,5
2220,고문,5
2221,수색,5
2222,양립,5
2223,갈이,5
2224,홍익표,5
2225,정찰,5
2226,추구,5
2227,휴일,5
2228,불패,5
2229,손해,5
2230,입성,5
2231,주석,5
2232,전기요금,5
2233,당국자,5
2234,천지,5
2235,서울대,5
2236,무단,5
2237,기념관,5
2238,벌금,5
2239,차로,5
2240,지은,5
2241,자존심,5
2242,용기,5
2243,난타,5
2244,과도,5
2245,프레,5
2246,집무실,5
2247,음악,5
2248,대학,5
2249,카메라,5
2250,느낌,5
2251,연출,5
2252,시내,5
2253,투어,5
2254,결함,5
2255,다롄,5
2256,장서,5
2257,시리아,5
2258,평택,5
2259,시기상조,5
2260,선제,5
2261,크게,5
2262,택지,5
2263,지선,5
2264,북핵문제,5
2265,행렬,5
2266,슬로건,5
2267,대남,5
2268,남성,5
2269,모욕,5
2270,출근,5
2271,분배,5
2272,반격,5
2273,과열,5
2274,책동,5
2275,본토,5
2276,방사청,5
2277,높이,5
2278,위서,5
2279,일자,5
2280,프레임,5
2281,가시,5
2282,흐름,5
2283,월드컵,5
2284,이슈,5
2285,과태료,5
2286,친노,5
2287,양극화,5
2288,간첩,5
2289,전과자,5
2290,트위터,5
2291,특별법,5
2292,대란,5
2293,개국,5
2294,명분,5
2295,동생,5
2296,특단,5
2297,남편,5
2298,목록,5
2299,밀고,5
2300,철책,5
2301,납북자,5
2302,음모,5
2303,인선,5
2304,개편안,5
2305,배신,5
2306,희생,5
2307,코리아,5
2308,가닥,5
2309,장애,5
2310,토지,5
2311,늑장,5
2312,지난해,5
2313,논리,5
2314,가구,5
2315,열기,5
2316,경위,5
2317,음해,5
2318,파일,5
2319,자율,5
2320,소설,5
2321,입건,5
2322,조사해,5
2323,메모,5
2324,근간,5
2325,합격,5
2326,골프,5
2327,관여,5
2328,충격,5
2329,비보,5
2330,후회,5
2331,동안,5
2332,물어,5
2333,부자,5
2334,안팎,5
2335,악재,5
2336,신속,5
2337,영수회담,5
2338,석유,5
2339,금품,5
2340,군축,5
2341,바로,5
2342,불안,5
2343,김세연,5
2344,아픔,5
2345,가덕도,5
2346,안상수,5
2347,혼돈,5
2348,우물,5
2349,스위스,5
2350,남자,5
2351,기득권,5
2352,앤드루,5
2353,페이스북,5
2354,모색,5
2355,권성동,5
2356,은퇴,5
2357,여개,5
2358,충청,5
2359,진심,5
2360,가을,5
2361,조선신보,5
2362,동지,5
2363,이종석,5
2364,한중일,5
2365,총동원,5
2366,별개,5
2367,선의,5
2368,우위,5
2369,아이,5
2370,이재정,5
2371,조희연,5
2372,충북도,5
2373,박선영,5
2374,세인트,5
2375,지스,5
2376,기표,5
2377,거점,5
2378,마침표,5
2379,눈길,5
2380,장면,5
2381,진통,5
2382,항공기,5
2383,사표,5
2384,과시,5
2385,공략,5
2386,창원,5
2387,투기,5
2388,부각,5
2389,잡음,5
2390,두테르테,5
2391,서울역,5
2392,중점,5
2393,성남시장,5
2394,무료,5
2395,블랙리스트,5
2396,트집,5
2397,비방,5
2398,번개,5
2399,방명록,5
2400,김계관,5
2401,아무,5
2402,집행,5
2403,연수,5
2404,내정자,5
2405,쓰레기,5
2406,관철,5
2407,타협,5
2408,이벤트,5
2409,포털,5
2410,고리,5
2411,결선,5
2412,원단,5
2413,충남지사,5
2414,더미,5
2415,로비,5
2416,레드,5
2417,반영,5
2418,갑자기,5
2419,리제,5
2420,문무,5
2421,수렴,5
2422,바라카,5
2423,매스,5
2424,아이스하키팀,5
2425,아트,5
2426,중임,5
2427,반대파,5
2428,리종혁,4
2429,김성혜,4
2430,추적,4
2431,아세안,4
2432,뭔가,4
2433,이자,4
2434,사무실,4
2435,상상,4
2436,송이버섯,4
2437,유기,4
2438,김해,4
2439,엄마,4
2440,외통,4
2441,폭력,4
2442,법제처,4
2443,결위,4
2444,윤창,4
2445,경제성장,4
2446,전례,4
2447,조강,4
2448,드릴,4
2449,불평등,4
2450,경쟁력,4
2451,대권,4
2452,과장,4
2453,최후,4
2454,박용만,4
2455,놀란,4
2456,병진,4
2457,권구훈,4
2458,다해,4
2459,교역,4
2460,동력,4
2461,우파,4
2462,발탁,4
2463,선글라스,4
2464,사령탑,4
2465,체감,4
2466,독일,4
2467,미군기지,4
2468,자극,4
2469,발끈,4
2470,대동,4
2471,책임감,4
2472,초당,4
2473,선호,4
2474,휴대전화,4
2475,청소년,4
2476,와중,4
2477,고성,4
2478,사실관계,4
2479,퍼스트레이디,4
2480,마중,4
2481,원조,4
2482,군인,4
2483,국정감사,4
2484,위조,4
2485,활용,4
2486,아야,4
2487,짜증,4
2488,압력,4
2489,휴식,4
2490,상향,4
2491,신경,4
2492,보이콧,4
2493,프로젝트,4
2494,공관,4
2495,청구권,4
2496,남아,4
2497,명도,4
2498,새만금,4
2499,선포,4
2500,요즘,4
2501,패닉,4
2502,혁명,4
2503,공범,4
2504,고립,4
2505,성범죄,4
2506,기동,4
2507,고삐,4
2508,기정,4
2509,연말,4
2510,맞춤,4
2511,금은,4
2512,기도,4
2513,점점,4
2514,점화,4
2515,향후,4
2516,설립,4
2517,유일,4
2518,생색,4
2519,충분,4
2520,페이,4
2521,무장해제,4
2522,생전,4
2523,면전,4
2524,마이웨이,4
2525,부친,4
2526,특례,4
2527,순서,4
2528,자주포,4
2529,신규,4
2530,감사원장,4
2531,재팬,4
2532,정규직,4
2533,방제,4
2534,한병도,4
2535,계약서,4
2536,보조금,4
2537,면회,4
2538,인생,4
2539,상납,4
2540,김학용,4
2541,부국,4
2542,태권도,4
2543,종편,4
2544,단기,4
2545,수락,4
2546,동거,4
2547,완충,4
2548,강요,4
2549,숙제,4
2550,끝장,4
2551,결제,4
2552,격상,4
2553,헌재,4
2554,홍장표,4
2555,소지,4
2556,조선일보,4
2557,보호,4
2558,체류,4
2559,김용태,4
2560,재위,4
2561,광복절,4
2562,차질,4
2563,착공,4
2564,포옹,4
2565,노무현재단,4
2566,급증,4
2567,담당,4
2568,해안,4
2569,피로,4
2570,결례,4
2571,주변,4
2572,군기,4
2573,주관,4
2574,할아버지,4
2575,효성,4
2576,라며,4
2577,경전,4
2578,차단,4
2579,개정안,4
2580,열자,4
2581,국무,4
2582,자녀,4
2583,국적,4
2584,망치,4
2585,도시재생,4
2586,징역,4
2587,선고,4
2588,사필귀정,4
2589,축제,4
2590,전세계,4
2591,사이트,4
2592,모스크바,4
2593,과학,4
2594,실종,4
2595,시신,4
2596,북단,4
2597,격차,4
2598,당일치기,4
2599,클릭,4
2600,경유,4
2601,국무총리,4
2602,안심,4
2603,분열,4
2604,국군의날,4
2605,법적대응,4
2606,취해,4
2607,식량,4
2608,여지,4
2609,규정,4
2610,임금,4
2611,수뇌부,4
2612,내내,4
2613,동아시아,4
2614,보위,4
2615,인하,4
2616,온도,4
2617,기원,4
2618,주최,4
2619,마약,4
2620,물꼬,4
2621,유남석,4
2622,밀담,4
2623,차별,4
2624,신호탄,4
2625,점심,4
2626,경제특구,4
2627,옹호,4
2628,집단체조,4
2629,실시간,4
2630,소년,4
2631,육성,4
2632,전역,4
2633,노광철,4
2634,외화,4
2635,박수,4
2636,청사,4
2637,보안,4
2638,태양,4
2639,퍼레이드,4
2640,드라마,4
2641,총괄,4
2642,북남관계,4
2643,관전,4
2644,동대문,4
2645,부의,4
2646,항로,4
2647,장기,4
2648,전종수,4
2649,증세,4
2650,물품,4
2651,교착,4
2652,운전,4
2653,리잔수,4
2654,세종시,4
2655,파트너,4
2656,묵묵,4
2657,정국,4
2658,감옥,4
2659,회의론,4
2660,계산,4
2661,배려,4
2662,권고,4
2663,확약,4
2664,강성,4
2665,당혹,4
2666,매일,4
2667,상무,4
2668,대가,4
2669,올드보이,4
2670,성찰,4
2671,운행,4
2672,시선,4
2673,정현,4
2674,유임,4
2675,수위,4
2676,심리,4
2677,총재,4
2678,건가,4
2679,상정,4
2680,행정청,4
2681,지목,4
2682,구분,4
2683,연방제,4
2684,이승만,4
2685,단행,4
2686,모멘텀,4
2687,형제,4
2688,성적표,4
2689,해고,4
2690,대적,4
2691,소방,4
2692,금주,4
2693,이미지,4
2694,신축,4
2695,나이,4
2696,경영,4
2697,식사,4
2698,일관,4
2699,옥탑방,4
2700,봉쇄,4
2701,진룽호,4
2702,민영,4
2703,실어,4
2704,익범,4
2705,동료,4
2706,축구,4
2707,구애,4
2708,러시,4
2709,겸허,4
2710,업체,4
2711,첩보,4
2712,재앙,4
2713,소명,4
2714,호칭,4
2715,전선,4
2716,무니,4
2717,무게,4
2718,요인,4
2719,누진,4
2720,예외,4
2721,악의,4
2722,수주,4
2723,자화자찬,4
2724,무근,4
2725,열망,4
2726,온라인,4
2727,부활,4
2728,청해부대,4
2729,허가,4
2730,즉시,4
2731,몰래,4
2732,옵션,4
2733,준공,4
2734,지성호,4
2735,자살,4
2736,직권,4
2737,단순,4
2738,이정표,4
2739,어선,4
2740,라오스,4
2741,무엇,4
2742,고양,4
2743,구간,4
2744,애국,4
2745,민갑룡,4
2746,노사,4
2747,장례,4
2748,유가족,4
2749,존경,4
2750,대진표,4
2751,관건,4
2752,그냥,4
2753,압도,4
2754,독재자,4
2755,통한,4
2756,문의,4
2757,김대식,4
2758,항공,4
2759,감안,4
2760,하반기,4
2761,심정,4
2762,출전,4
2763,전망대,4
2764,탄자니아,4
2765,민정수,4
2766,독립,4
2767,정진석,4
2768,직위,4
2769,숭늉,4
2770,신호,4
2771,부임,4
2772,쿠바,4
2773,남북통일,4
2774,확장,4
2775,과로,4
2776,질책,4
2777,대리,4
2778,식수,4
2779,매진,4
2780,분과,4
2781,종일,4
2782,경쟁률,4
2783,구가,4
2784,포스코,4
2785,세운,4
2786,정해진,4
2787,원내,4
2788,주역,4
2789,추후,4
2790,주요,4
2791,길이,4
2792,정안,4
2793,비례,4
2794,린다,4
2795,직항,4
2796,문턱,4
2797,자치,4
2798,공존,4
2799,역풍,4
2800,패배,4
2801,검경,4
2802,분주,4
2803,무릎,4
2804,과반,4
2805,경청,4
2806,부여,4
2807,호응,4
2808,충남도지사,4
2809,최초,4
2810,찬양,4
2811,김천,4
2812,보선,4
2813,박종훈,4
2814,전북도,4
2815,이규희,4
2816,방법,4
2817,결집,4
2818,도의,4
2819,단어,4
2820,핵보유국,4
2821,어차피,4
2822,원론,4
2823,불륜,4
2824,일당,4
2825,통지,4
2826,김칫국,4
2827,올인,4
2828,입구,4
2829,샹그릴라,4
2830,한미정상,4
2831,데드라인,4
2832,공지영,4
2833,기고,4
2834,안동시장,4
2835,연정,4
2836,모금,4
2837,평행선,4
2838,야합,4
2839,관행,4
2840,난리,4
2841,명예훼손,4
2842,총기,4
2843,자해,4
2844,술수,4
2845,아사히,4
2846,영남,4
2847,일가,4
2848,무능,4
2849,회원,4
2850,컨트롤,4
2851,출정,4
2852,강길부,4
2853,당한,4
2854,대변,4
2855,상여금,4
2856,방사,4
2857,데리,4
2858,통일대교,4
2859,재고,4
2860,용의,4
2861,회견,4
2862,염동열,4
2863,등판,4
2864,루치,4
2865,가해자,4
2866,세비,4
2867,반납,4
2868,피습,4
2869,실검,4
2870,리커창,4
2871,고통,4
2872,운전기사,4
2873,일시,4
2874,표준,4
2875,사우디,4
2876,전남지사,4
2877,교통사고,4
2878,제스처,4
2879,발령,4
2880,사업가,4
2881,월경,4
2882,임신,4
2883,쓰기,4
2884,성주,4
2885,통행,4
2886,수리,4
2887,출판,4
2888,이완,4
2889,흠결,4
2890,유성,4
2891,준용,4
2892,어버이날,4
2893,땡처리,4
2894,걸그룹,4
2895,벨벳,4
2896,흥행,4
2897,국민투표,4
2898,김앤장,4
2899,고용부,4
2900,빅매치,4
2901,일과,4
2902,사냥개,4
2903,복수,4
2904,윤상,4
2905,김윤옥,4
2906,이석연,4
2907,획정,4
2908,도구로,4
2909,친북,4
2910,종목,4
2911,삼지,4
2912,묵호항,4
2913,혼선,4
2914,스키,4
2915,아마추어,4
2916,밴쿠버,4
2917,악단,4
2918,호봉,4
2919,이우현,4
2920,단추,4
2921,비박,3
2922,착륙,3
2923,풍산개,3
2924,고양이,3
2925,일반,3
2926,핑퐁,3
2927,호법,3
2928,양호,3
2929,전주,3
2930,헌병,3
2931,진영,3
2932,정밀,3
2933,여대,3
2934,엄포,3
2935,박승춘,3
2936,고수,3
2937,우롱,3
2938,도출,3
2939,설계자,3
2940,워킹,3
2941,착각,3
2942,열정,3
2943,압수,3
2944,저출산,3
2945,당사자,3
2946,워터파크,3
2947,자력,3
2948,총리실,3
2949,눈높이,3
2950,전염병,3
2951,공고,3
2952,민주화,3
2953,제소,3
2954,탈취,3
2955,추측,3
2956,구속기소,3
2957,동무,3
2958,수퍼,3
2959,저격,3
2960,묵인,3
2961,아동,3
2962,안나,3
2963,해안포,3
2964,우라늄,3
2965,사수,3
2966,깃발,3
2967,정협,3
2968,작심,3
2969,중독,3
2970,조위,3
2971,감서,3
2972,포문,3
2973,고장,3
2974,전진,3
2975,찾기,3
2976,재무부,3
2977,장마당,3
2978,전해,3
2979,심해,3
2980,과외,3
2981,일요일,3
2982,자정,3
2983,산물,3
2984,도구,3
2985,승소,3
2986,상소리,3
2987,물리,3
2988,소요,3
2989,무기한,3
2990,지상파,3
2991,역주행,3
2992,방공,3
2993,고용노동부,3
2994,끝내,3
2995,자신감,3
2996,황제,3
2997,가처분,3
2998,구경,3
2999,점수,3
3000,관료,3
3001,비토,3
3002,중립,3
3003,증인,3
3004,침대,3
3005,수거,3
3006,수혜자,3
3007,낫다,3
3008,트리,3
3009,폭언,3
3010,공립,3
3011,무조건,3
3012,얼마나,3
3013,달인,3
3014,군비,3
3015,풀이,3
3016,손자,3
3017,무리수,3
3018,자의,3
3019,몰락,3
3020,사절,3
3021,일각,3
3022,월간,3
3023,괴물,3
3024,중소기업,3
3025,아셈,3
3026,공영,3
3027,인용,3
3028,편성,3
3029,여러,3
3030,전념,3
3031,연쇄,3
3032,주선,3
3033,정민,3
3034,구비,3
3035,김기영,3
3036,가까스로,3
3037,외국,3
3038,언론인,3
3039,협회,3
3040,홍종학,3
3041,위증,3
3042,악순환,3
3043,수급,3
3044,장교,3
3045,포상,3
3046,기한,3
3047,불량,3
3048,유사시,3
3049,치명,3
3050,차등,3
3051,의결권,3
3052,차지,3
3053,생태계,3
3054,우정,3
3055,콘서트,3
3056,동포,3
3057,전문성,3
3058,되풀이,3
3059,결격,3
3060,문어,3
3061,등산,3
3062,진급,3
3063,겸손,3
3064,창업,3
3065,국력,3
3066,실효,3
3067,수술,3
3068,창구,3
3069,기념일,3
3070,주가,3
3071,구글,3
3072,조짐,3
3073,한자리,3
3074,전차,3
3075,경수로,3
3076,무사,3
3077,회피,3
3078,조항,3
3079,해상자위대,3
3080,문체부,3
3081,용역,3
3082,소유,3
3083,세트,3
3084,공화국,3
3085,대량,3
3086,발송,3
3087,데뷔,3
3088,시비,3
3089,자위대,3
3090,자랑,3
3091,작가,3
3092,임원,3
3093,해커,3
3094,구입,3
3095,일도,3
3096,업추비,3
3097,정미,3
3098,싸이,3
3099,시연,3
3100,이사,3
3101,중장,3
3102,직시,3
3103,적법,3
3104,신세,3
3105,성대,3
3106,고속,3
3107,급여,3
3108,김밥,3
3109,뱅크,3
3110,발생,3
3111,대령,3
3112,일파,3
3113,박상기,3
3114,역행,3
3115,되레,3
3116,백화점,3
3117,가수,3
3118,지출,3
3119,전액,3
3120,칭찬,3
3121,소멸,3
3122,지나,3
3123,기능,3
3124,자동차,3
3125,진수식,3
3126,대감,3
3127,녹음,3
3128,원유철,3
3129,명절,3
3130,향군,3
3131,몰카,3
3132,농축,3
3133,친홍,3
3134,캐스팅,3
3135,보트,3
3136,동성애,3
3137,칼럼,3
3138,투명,3
3139,생략,3
3140,순안공항,3
3141,옥류관,3
3142,수산물,3
3143,정찰기,3
3144,제자리,3
3145,낙제,3
3146,관객,3
3147,게시,3
3148,대학생,3
3149,대동강,3
3150,벌이,3
3151,리룡남,3
3152,궤도,3
3153,심장,3
3154,불명,3
3155,결실,3
3156,수권,3
3157,결재,3
3158,확답,3
3159,안전보장,3
3160,못내,3
3161,잠정,3
3162,로남불,3
3163,이석태,3
3164,은애,3
3165,출산,3
3166,구호,3
3167,메르스,3
3168,음성,3
3169,판정,3
3170,꽃할배,3
3171,망신,3
3172,비아,3
3173,인사청문회,3
3174,적도,3
3175,작용,3
3176,해선,3
3177,그레이엄,3
3178,발급,3
3179,필요시,3
3180,운규,3
3181,구조조정,3
3182,정보기관,3
3183,편입,3
3184,취급,3
3185,비교,3
3186,당무,3
3187,이건,3
3188,허황,3
3189,디자인,3
3190,강비,3
3191,만큼,3
3192,징조,3
3193,살길,3
3194,드라이브,3
3195,답답,3
3196,이찬호,3
3197,전부,3
3198,로켓,3
3199,살림,3
3200,논문,3
3201,역시,3
3202,지역구,3
3203,최영애,3
3204,쓴소리,3
3205,직격탄,3
3206,표절,3
3207,불찰,3
3208,번지,3
3209,멤버,3
3210,각서,3
3211,개인정보,3
3212,권내,3
3213,시대정신,3
3214,남영신,3
3215,신화,3
3216,측정,3
3217,박성,3
3218,한파,3
3219,중폭,3
3220,반전,3
3221,성윤,3
3222,석수,3
3223,위축,3
3224,구미,3
3225,위상,3
3226,출격,3
3227,부장,3
3228,좌우,3
3229,목포,3
3230,신현수,3
3231,유권,3
3232,돼지,3
3233,박주민,3
3234,자처,3
3235,해수부,3
3236,불장난,3
3237,설훈,3
3238,국방백서,3
3239,숫자,3
3240,암호,3
3241,버거,3
3242,트럭,3
3243,비자,3
3244,호흡,3
3245,도시락,3
3246,부작용,3
3247,민병삼,3
3248,세로,3
3249,부적합,3
3250,담합,3
3251,변신,3
3252,경비원,3
3253,기상,3
3254,추도,3
3255,탑재,3
3256,대입,3
3257,금요일,3
3258,발부,3
3259,세무조사,3
3260,실종자,3
3261,구속영장,3
3262,장치,3
3263,앞장,3
3264,자인,3
3265,노동계,3
3266,주중,3
3267,접경,3
3268,행진,3
3269,구두,3
3270,성립,3
3271,일로,3
3272,먹방,3
3273,치열,3
3274,결혼식,3
3275,운반,3
3276,식품,3
3277,각종,3
3278,양면,3
3279,동맹국,3
3280,참전,3
3281,남동,3
3282,출처,3
3283,대면,3
3284,그림자,3
3285,학교,3
3286,소환조사,3
3287,가정,3
3288,한진,3
3289,녹취,3
3290,방첩,3
3291,박선숙,3
3292,누설,3
3293,비밀리,3
3294,불통,3
3295,다수,3
3296,격의,3
3297,덕분,3
3298,근처,3
3299,해충,3
3300,유민봉,3
3301,목발,3
3302,호프,3
3303,흠집,3
3304,링크,3
3305,간판,3
3306,김대준,3
3307,한민구,3
3308,박종철,3
3309,박정,3
3310,장녀,3
3311,라면,3
3312,모자라,3
3313,브로커,3
3314,노정희,3
3315,이동원,3
3316,피의자,3
3317,신분,3
3318,법무부,3
3319,생사,3
3320,유착,3
3321,일반인,3
3322,나나,3
3323,김종석,3
3324,지위,3
3325,냄새,3
3326,과세,3
3327,포장,3
3328,억측,3
3329,만원,3
3330,변호,3
3331,중국인,3
3332,만족,3
3333,허구,3
3334,윤곽,3
3335,불출,3
3336,심승섭,3
3337,삼정,3
3338,기체,3
3339,재외공관,3
3340,동남아,3
3341,이륙,3
3342,어르신,3
3343,양복,3
3344,조롱,3
3345,접대,3
3346,조찬,3
3347,하필,3
3348,상승세,3
3349,격노,3
3350,미디어,3
3351,김관진,3
3352,아이스,3
3353,유성엽,3
3354,상륙,3
3355,전략기획,3
3356,쿠데타,3
3357,임대료,3
3358,정성호,3
3359,림팩,3
3360,말로,3
3361,오픈,3
3362,중령,3
3363,퀴어,3
3364,토대,3
3365,전희,3
3366,범위,3
3367,위주,3
3368,을지연습,3
3369,절약,3
3370,해고자,3
3371,행동거지,3
3372,김형오,3
3373,수원,3
3374,대행,3
3375,낭비,3
3376,가담,3
3377,스톱,3
3378,중국산,3
3379,김근식,3
3380,취한,3
3381,예멘,3
3382,자릿수,3
3383,인원,3
3384,장성택,3
3385,명예,3
3386,출사표,3
3387,손사래,3
3388,수십,3
3389,농구단,3
3390,만류,3
3391,우발,3
3392,평택시,3
3393,인내,3
3394,연가,3
3395,무관심,3
3396,트랙,3
3397,제로,3
3398,뒷받침,3
3399,낙점,3
3400,악플,3
3401,무궁화,3
3402,불지,3
3403,후방,3
3404,추첨,3
3405,다한,3
3406,몽니,3
3407,비중,3
3408,정우택,3
3409,한숨,3
3410,정치사,3
3411,러브콜,3
3412,최적,3
3413,부정부패,3
3414,진성준,3
3415,유도,3
3416,화제,3
3417,낙선,3
3418,정인,3
3419,전교조,3
3420,내자,3
3421,날씨,3
3422,졸업식,3
3423,신중,3
3424,밸리,3
3425,서초구청장,3
3426,조은희,3
3427,이춘희,3
3428,김성환,3
3429,호위,3
3430,부울경,3
3431,적절,3
3432,김승환,3
3433,초심,3
3434,허석,3
3435,순천시,3
3436,청송,3
3437,참담,3
3438,송아영,3
3439,정창수,3
3440,송갑석,3
3441,전개,3
3442,이색,3
3443,투표소,3
3444,인격,3
3445,판타지,3
3446,보이,3
3447,부선,3
3448,넣기,3
3449,북풍,3
3450,시일,3
3451,경호원,3
3452,지기,3
3453,막바지,3
3454,역전,3
3455,부동,3
3456,숙박,3
3457,롤러코스터,3
3458,두문불출,3
3459,은둔,3
3460,방탄,3
3461,과연,3
3462,차장,3
3463,후끈,3
3464,재선거,3
3465,막후,3
3466,김어준,3
3467,인위,3
3468,허성,3
3469,정정,3
3470,당대,3
3471,강인,3
3472,김종민,3
3473,통영시,3
3474,착오,3
3475,고백,3
3476,소음,3
3477,김광수,3
3478,강연재,3
3479,현충일,3
3480,추념,3
3481,비무장지대,3
3482,실력,3
3483,애초,3
3484,완주,3
3485,대첩,3
3486,승진,3
3487,명목,3
3488,권오을,3
3489,커피,3
3490,연동,3
3491,초점,3
3492,유체이탈,3
3493,재발,3
3494,공문,3
3495,박탈,3
3496,정치국,3
3497,무허가,3
3498,진주,3
3499,발가락,3
3500,서구,3
3501,스포츠,3
3502,경기장,3
3503,용인,3
3504,위배,3
3505,선행,3
3506,레이스,3
3507,남탓,3
3508,여전,3
3509,서기,3
3510,지하,3
3511,사형,3
3512,색깔론,3
3513,처신,3
3514,예약,3
3515,벼랑,3
3516,단둥,3
3517,홈페이지,3
3518,훼방,3
3519,사관,3
3520,여동생,3
3521,구본무,3
3522,거치,3
3523,법인세,3
3524,핵우산,3
3525,구형,3
3526,환상,3
3527,재활용,3
3528,샅바,3
3529,극성,3
3530,영향력,3
3531,보궐선거,3
3532,릴레이,3
3533,막무가내,3
3534,폭주,3
3535,미등록,3
3536,국무장관,3
3537,의자,3
3538,답사,3
3539,감동,3
3540,본인,3
3541,루킹,3
3542,연령,3
3543,일일이,3
3544,미터,3
3545,잔류,3
3546,여비,3
3547,중상,3
3548,자재,3
3549,초읽기,3
3550,불이익,3
3551,불편,3
3552,불쾌,3
3553,금지법,3
3554,경인선,3
3555,용서,3
3556,보험,3
3557,데스노트,3
3558,변명,3
3559,찬반,3
3560,임동원,3
3561,회계법인,3
3562,태평양,3
3563,공휴일,3
3564,다보스,3
3565,만료,3
3566,음모론,3
3567,리턴,3
3568,매치,3
3569,차출,3
3570,화학무기,3
3571,유리,3
3572,헌정특위,3
3573,결혼,3
3574,노래방,3
3575,운전대,3
3576,오히려,3
3577,박항서,3
3578,초래,3
3579,관제,3
3580,퇴근,3
3581,대치동,3
3582,스웨덴,3
3583,면직,3
3584,틸러슨,3
3585,중매,3
3586,경일,3
3587,이적,3
3588,왕조,3
3589,제국주의,3
3590,판다,3
3591,대중교통,3
3592,인천공항,3
3593,통일부장관,3
3594,글로벌,3
3595,녹색,3
3596,쇼트트랙,3
3597,대공,3
3598,실명,3
3599,해빙,3
3600,온갖,3
3601,딜레마,3
3602,손님,3
3603,장병완,3
3604,한정,3
3605,제품,3
3606,배지,3
3607,좌편향,3
3608,발기인,3
3609,기자간담회,3
3610,국립극장,3
3611,조평통,3
3612,국익,3
3613,조조,3
3614,할머니,3
3615,전운,2
3616,기만,2
3617,아이콘,2
3618,소규모,2
3619,점거,2
3620,답례,2
3621,법원행정처,2
3622,명과,2
3623,공중급유기,2
3624,존엄,2
3625,배분,2
3626,듣기,2
3627,나와라,2
3628,역설,2
3629,불화,2
3630,퇴진,2
3631,보나,2
3632,행태,2
3633,소원,2
3634,국무조정실장,2
3635,부와,2
3636,오라,2
3637,권위,2
3638,언행,2
3639,지혜,2
3640,전화기,2
3641,임의,2
3642,당분간,2
3643,보존,2
3644,통첩,2
3645,배척,2
3646,한적,2
3647,연호,2
3648,퇴짜,2
3649,경제위기,2
3650,저항,2
3651,바이오,2
3652,고의,2
3653,분식회계,2
3654,구매,2
3655,구제,2
3656,정치가,2
3657,달이,2
3658,시너지,2
3659,서비스,2
3660,노벨평화상,2
3661,유린,2
3662,추궁,2
3663,강물,2
3664,휘장,2
3665,성격,2
3666,곤란,2
3667,수로,2
3668,안하무인,2
3669,웰빙,2
3670,용국,2
3671,성은,2
3672,양심,2
3673,물망,2
3674,쇄도,2
3675,조업,2
3676,찬사,2
3677,지난주,2
3678,심판원,2
3679,콘퍼런스,2
3680,청취,2
3681,위층,2
3682,연차,2
3683,충족,2
3684,대체복무제,2
3685,인지도,2
3686,상균,2
3687,광분,2
3688,무용,2
3689,선진국,2
3690,면박,2
3691,박진규,2
3692,유홍준,2
3693,프로세스,2
3694,방점,2
3695,산자부,2
3696,고음,2
3697,양승태,2
3698,광복,2
3699,배상하,2
3700,달말,2
3701,굴욕,2
3702,한일관계,2
3703,상호,2
3704,조선소,2
3705,심신,2
3706,미약,2
3707,형량,2
3708,부합,2
3709,육지,2
3710,연간,2
3711,전임,2
3712,증시,2
3713,삼지연군,2
3714,적자,2
3715,서정,2
3716,차지철,2
3717,유엔군,2
3718,폐하,2
3719,초과근무,2
3720,우산,2
3721,효력,2
3722,심지어,2
3723,인건비,2
3724,유입,2
3725,채비,2
3726,대여,2
3727,자꾸,2
3728,파열음,2
3729,북도,2
3730,프란치스코,2
3731,윤병세,2
3732,객관,2
3733,정식,2
3734,정당성,2
3735,김광,2
3736,라돈,2
3737,태극,2
3738,동위,2
3739,매년,2
3740,품목,2
3741,백범,2
3742,에이전트,2
3743,사격장,2
3744,학급,2
3745,회계,2
3746,청개구리,2
3747,모집,2
3748,아랫니,2
3749,친목,2
3750,동상,2
3751,이몽,2
3752,재임,2
3753,모델링,2
3754,주치의,2
3755,소홀,2
3756,민변,2
3757,차비,2
3758,가세,2
3759,부수,2
3760,학계,2
3761,행단,2
3762,우왕좌왕,2
3763,김성주,2
3764,남발,2
3765,사칭,2
3766,엉망,2
3767,간극,2
3768,애용,2
3769,학군,2
3770,탈퇴,2
3771,육아휴직,2
3772,복직,2
3773,처형,2
3774,비질,2
3775,런트,2
3776,에이스,2
3777,연봉,2
3778,비정상,2
3779,폐막,2
3780,역적,2
3781,직통,2
3782,유라시아,2
3783,실태,2
3784,토장,2
3785,명령,2
3786,녹취록,2
3787,진앙,2
3788,라이트,2
3789,도정,2
3790,원래,2
3791,김용우,2
3792,군사연습,2
3793,구의역,2
3794,목숨,2
3795,야스쿠니,2
3796,예감,2
3797,조달,2
3798,여행사,2
3799,조윤제,2
3800,미대,2
3801,어린이,2
3802,한국어,2
3803,최상,2
3804,화살,2
3805,노인,2
3806,미달,2
3807,범법,2
3808,아우성,2
3809,억원,2
3810,퇴직,2
3811,인계,2
3812,인척,2
3813,분수령,2
3814,왕릉,2
3815,재청,2
3816,소총,2
3817,특전사,2
3818,골프장,2
3819,분투,2
3820,독립유공자,2
3821,전투식량,2
3822,정회,2
3823,시안,2
3824,이태규,2
3825,다발,2
3826,화로,2
3827,십년,2
3828,초석,2
3829,컴퓨터,2
3830,먹통,2
3831,국외,2
3832,조합,2
3833,사석,2
3834,혜경궁,2
3835,원정,2
3836,도돌이표,2
3837,휴전,2
3838,금융위,2
3839,원안,2
3840,바탕,2
3841,솔직,2
3842,안도,2
3843,융통성,2
3844,본연,2
3845,출력,2
3846,원자력,2
3847,보증,2
3848,해군기지,2
3849,의료기기,2
3850,벵갈,2
3851,한미연합사,2
3852,창건,2
3853,의원님,2
3854,사제,2
3855,엄단,2
3856,지표,2
3857,푸나,2
3858,정수,2
3859,가교,2
3860,국가보안법,2
3861,편의,2
3862,한글,2
3863,애민,2
3864,메신저,2
3865,갈라,2
3866,서나,2
3867,소식통,2
3868,굴착,2
3869,통역,2
3870,발주,2
3871,무혐의,2
3872,부가,2
3873,경제성,2
3874,수집,2
3875,정비,2
3876,성장동력,2
3877,철폐,2
3878,전설,2
3879,칭송,2
3880,양상,2
3881,남로당,2
3882,곧장,2
3883,이상은,2
3884,우표,2
3885,창의,2
3886,출하,2
3887,지식,2
3888,독립성,2
3889,사려,2
3890,촉진,2
3891,하니,2
3892,상원의원,2
3893,공안,2
3894,술집,2
3895,취임식,2
3896,승계,2
3897,엄벌,2
3898,농협,2
3899,촉각,2
3900,을지훈련,2
3901,고충,2
3902,연연,2
3903,자루,2
3904,최운,2
3905,할당,2
3906,주인공,2
3907,봉환,2
3908,출항,2
3909,지문,2
3910,방북때,2
3911,포괄,2
3912,애플,2
3913,카카오,2
3914,법률자문,2
3915,인수위,2
3916,백군기,2
3917,패권,2
3918,도박장,2
3919,도둑,2
3920,몽둥이,2
3921,폐쇄하,2
3922,지혜롭,2
3923,만월대,2
3924,사도,2
3925,직행,2
3926,가입,2
3927,속임수,2
3928,국가원수,2
3929,장래,2
3930,요금,2
3931,알파,2
3932,조력,2
3933,손경,2
3934,어진,2
3935,하트,2
3936,담화,2
3937,서거,2
3938,조의,2
3939,오세정,2
3940,환송,2
3941,화장실,2
3942,학년,2
3943,출세,2
3944,퇴임,2
3945,등반,2
3946,사변,2
3947,취할,2
3948,오리,2
3949,번지르르,2
3950,미상,2
3951,밥상,2
3952,동성애자,2
3953,주주,2
3954,점철,2
3955,이동해,2
3956,블록,2
3957,체인,2
3958,불가침,2
3959,여정,2
3960,손실,2
3961,작사,2
3962,제인,2
3963,대론,2
3964,즉답,2
3965,호기심,2
3966,정병국,2
3967,놀이,2
3968,궁전,2
3969,노쇼,2
3970,종식,2
3971,숙청,2
3972,제목,2
3973,화동,2
3974,녹화,2
3975,고속도로,2
3976,폭우,2
3977,일상,2
3978,김규,2
3979,손편지,2
3980,부품,2
3981,거지,2
3982,운항,2
3983,오역,2
3984,카톡,2
3985,금리,2
3986,원활,2
3987,수행원,2
3988,최태원,2
3989,불응,2
3990,내전,2
3991,로봇,2
3992,쿠웨이트,2
3993,개소식,2
3994,궁리,2
3995,불로소득,2
3996,합격자,2
3997,국민회,2
3998,불순,2
3999,밤샘,2
4000,물자,2
4001,가계부채,2
4002,광풍,2
4003,보따리,2
4004,비공식,2
4005,추계,2
4006,체질,2
4007,수반,2
4008,겸직,2
4009,제조,2
4010,하든,2
4011,감회,2
4012,탈세,2
4013,도서,2
4014,발간,2
4015,트윗,2
4016,슈퍼주니어,2
4017,조코위,2
4018,동성,2
4019,전입,2
4020,합창,2
4021,소신,2
4022,이석기,2
4023,방영,2
4024,경제개발,2
4025,메인,2
4026,억제,2
4027,강국,2
4028,소니,2
4029,잠자리,2
4030,플라자,2
4031,이양,2
4032,북관,2
4033,폭락,2
4034,급락,2
4035,진도,2
4036,관할,2
4037,발칵,2
4038,독점,2
4039,레이건,2
4040,홍콩,2
4041,내면,2
4042,내분,2
4043,대타협,2
4044,윤호중,2
4045,세차,2
4046,분류,2
4047,귀족,2
4048,굿판,2
4049,원로,2
4050,시국선언,2
4051,석사,2
4052,사절단,2
4053,교사,2
4054,달초,2
4055,불신,2
4056,관찰,2
4057,소주,2
4058,유례,2
4059,매몰,2
4060,만두라,2
4061,사명,2
4062,관저,2
4063,얼마,2
4064,적십자사,2
4065,제사,2
4066,타진,2
4067,비축,2
4068,김종호,2
4069,뉴딜,2
4070,야기,2
4071,채찍,2
4072,당근,2
4073,교문,2
4074,강신욱,2
4075,자연,2
4076,상가,2
4077,차법,2
4078,왕정,2
4079,중론,2
4080,여성가족부,2
4081,통계청,2
4082,우리나라,2
4083,이치,2
4084,중책,2
4085,부풀리기,2
4086,재판관,2
4087,주문,2
4088,진척,2
4089,백서,2
4090,문화유산,2
4091,다케시마,2
4092,취지,2
4093,측면,2
4094,워크숍,2
4095,정태호,2
4096,아프리카,2
4097,확진,2
4098,독선,2
4099,득표,2
4100,계시,2
4101,절대로,2
4102,지킴,2
4103,도감,2
4104,매케인,2
4105,연석,2
4106,박광온,2
4107,특례법,2
4108,처방,2
4109,말실수,2
4110,회전,2
4111,날개,2
4112,방망이,2
4113,안주,2
4114,지령,2
4115,독립운동가,2
4116,미성년,2
4117,부사관,2
4118,오지,2
4119,속초,2
4120,정박,2
4121,빼기,2
4122,부서,2
4123,자수,2
4124,용어,2
4125,교도소,2
4126,금수,2
4127,고등,2
4128,군사법원,2
4129,중개,2
4130,소하,2
4131,단위,2
4132,포화,2
4133,내외,2
4134,철매,2
4135,일원화,2
4136,예스,2
4137,납북,2
4138,외국인,2
4139,트레킹,2
4140,이산가족상봉,2
4141,자본,2
4142,명함,2
4143,편파,2
4144,군복무,2
4145,학점,2
4146,우주,2
4147,역사상,2
4148,압살,2
4149,며칠,2
4150,공언,2
4151,난색,2
4152,평일,2
4153,김대중,2
4154,건조,2
4155,인민무력부장,2
4156,프리,2
4157,존법,2
4158,결전,2
4159,김정남,2
4160,경도,2
4161,선후,2
4162,콩고,2
4163,축사,2
4164,딸도,2
4165,티켓,2
4166,한장,2
4167,친일,2
4168,주류,2
4169,격론,2
4170,구체화,2
4171,파크,2
4172,생태,2
4173,절실,2
4174,놨다,2
4175,하순,2
4176,전시,2
4177,납득,2
4178,소셜미디어,2
4179,소방관,2
4180,옥신각신,2
4181,밀당,2
4182,선생,2
4183,심산,2
4184,망발,2
4185,아예,2
4186,정운천,2
4187,강령,2
4188,움직,2
4189,장난,2
4190,반말,2
4191,아산,2
4192,원산지,2
4193,증명서,2
4194,시계,2
4195,손짓,2
4196,철학,2
4197,재벌,2
4198,기우진,2
4199,가게,2
4200,홍철,2
4201,수요,2
4202,욕심,2
4203,영수증,2
4204,김재규,2
4205,해프닝,2
4206,전기차,2
4207,회부,2
4208,상식,2
4209,형태,2
4210,윤한,2
4211,로펌,2
4212,선도,2
4213,장준,2
4214,여단,2
4215,달리,2
4216,특별시,2
4217,춘천,2
4218,이석구,2
4219,국산,2
4220,가드,2
4221,플루토늄,2
4222,안간힘,2
4223,일문일답,2
4224,친형,2
4225,유의,2
4226,현정은,2
4227,조우,2
4228,김성,2
4229,꼬리,2
4230,소문,2
4231,혜택,2
4232,주의보,2
4233,악성,2
4234,가중,2
4235,핑계,2
4236,추진단,2
4237,구출,2
4238,설비,2
4239,임정,2
4240,유보,2
4241,정작,2
4242,보건복지부,2
4243,감봉,2
4244,지적도,2
4245,항소,2
4246,제작,2
4247,연관,2
4248,호화,2
4249,봉하마을,2
4250,민원,2
4251,신자,2
4252,각별,2
4253,가도,2
4254,감청,2
4255,조선시대,2
4256,전과,2
4257,실전,2
4258,선풍기,2
4259,미화,2
4260,조준,2
4261,경례,2
4262,충성,2
4263,정전,2
4264,소임,2
4265,오산,2
4266,엄수,2
4267,국전,2
4268,파워,2
4269,세진,2
4270,용적,2
4271,산다,2
4272,성범죄자,2
4273,조직개편,2
4274,침몰,2
4275,천막,2
4276,장려,2
4277,극상,2
4278,박대,2
4279,대체로,2
4280,컷오프,2
4281,형식,2
4282,어젠,2
4283,고요,2
4284,입경,2
4285,해위,2
4286,최병길,2
4287,버럭,2
4288,자질,2
4289,실었던,2
4290,보관,2
4291,담당자,2
4292,산적,2
4293,라이브,2
4294,주머니,2
4295,스타,2
4296,방해,2
4297,발인,2
4298,슬픔,2
4299,비통,2
4300,정론,2
4301,투신,2
4302,평소,2
4303,분통,2
4304,상하이,2
4305,하나로,2
4306,조선인,2
4307,유골,2
4308,훈시,2
4309,대연정,2
4310,탱크,2
4311,국가안보실,2
4312,표류,2
4313,사연,2
4314,자본주의,2
4315,장영달,2
4316,김정,2
4317,빈자리,2
4318,마하,2
4319,엔진,2
4320,수치,2
4321,프로펠러,2
4322,중남미,2
4323,불똥,2
4324,성능,2
4325,추친,2
4326,아리랑,2
4327,검열,2
4328,전사,2
4329,토리,2
4330,김영란,2
4331,버킷,2
4332,이윤석,2
4333,김형석,2
4334,반려견,2
4335,다혜씨,2
4336,연평해전,2
4337,보상금,2
4338,하위,2
4339,변심,2
4340,강공,2
4341,번복,2
4342,조성렬,2
4343,최단,2
4344,차려,2
4345,솔로몬,2
4346,강북,2
4347,야경,2
4348,발족,2
4349,주승용,2
4350,케냐,2
4351,보호무역,2
4352,전담,2
4353,이주영,2
4354,박찬종,2
4355,이용구,2
4356,김성원,2
4357,일선,2
4358,사지,2
4359,영등포,2
4360,파장,2
4361,쌍용차,2
4362,마힌드라,2
4363,기일,2
4364,먹기,2
4365,박관용,2
4366,사인,2
4367,부회장,2
4368,지하철,2
4369,깡패,2
4370,사한국,2
4371,고비,2
4372,베를린,2
4373,무드,2
4374,스타트,2
4375,비빔밥,2
4376,안동,2
4377,호감,2
4378,분당,2
4379,국회사무처,2
4380,신혼부부,2
4381,주거,2
4382,이동식,2
4383,심복,2
4384,진문,2
4385,바짝,2
4386,남주홍,2
4387,농구대회,2
4388,부터,2
4389,선심,2
4390,염치,2
4391,감자,2
4392,공수,2
4393,인증샷,2
4394,판이,2
4395,미얀마,2
4396,실각,2
4397,상선,2
4398,공통,2
4399,나중,2
4400,가까이,2
4401,암시,2
4402,무비,2
4403,초반,2
4404,도달,2
4405,아이돌,2
4406,플라스틱,2
4407,유네스코,2
4408,노역,2
4409,호주,2
4410,큰소리,2
4411,란코프,2
4412,한노총,2
4413,문책,2
4414,채무,2
4415,유발,2
4416,정통,2
4417,손발,2
4418,경실련,2
4419,뭉치,2
4420,비율,2
4421,건립,2
4422,초계기,2
4423,포세이돈,2
4424,매국노,2
4425,광기,2
4426,영남권,2
4427,지드래곤,2
4428,나무,2
4429,상자,2
4430,어른,2
4431,내각제,2
4432,타의,2
4433,산업화,2
4434,우해,2
4435,각계,2
4436,이완구,2
4437,장본인,2
4438,족적,2
4439,듯이,2
4440,태업,2
4441,준장,2
4442,엄정,2
4443,집안,2
4444,망령,2
4445,노영민,2
4446,중대사,2
4447,의성,2
4448,막내,2
4449,갱생,2
4450,에어컨,2
4451,농업,2
4452,학원,2
4453,물의,2
4454,평통,2
4455,이지수,2
4456,부메랑,2
4457,서청원,2
4458,붙이,2
4459,비극,2
4460,측위,2
4461,스트롱맨,2
4462,인프라,2
4463,과오,2
4464,앞잡이,2
4465,사이코패스,2
4466,나야,2
4467,전멸,2
4468,개탄,2
4469,고무,2
4470,허물,2
4471,공화당,2
4472,목청,2
4473,혈맹,2
4474,인구,2
4475,업적,2
4476,주화,2
4477,조선반도,2
4478,도나,2
4479,기초자치단체장,2
4480,쓰나미,2
4481,교실,2
4482,독식,2
4483,관악구,2
4484,들것,2
4485,전북도지사,2
4486,전남도지사,2
4487,삼수,2
4488,어깨,2
4489,번역,2
4490,농락,2
4491,곳도,2
4492,석권,2
4493,백의종군,2
4494,기운,2
4495,당적,2
4496,아성,2
4497,수업,2
4498,민병희,2
4499,보답,2
4500,고흥,2
4501,현관,2
4502,해남,2
4503,군정,2
4504,완패,2
4505,동평,2
4506,울진,2
4507,순천,2
4508,구례,2
4509,이재준,2
4510,김병,2
4511,영양,2
4512,한우,2
4513,진안,2
4514,성원,2
4515,성향,2
4516,입지,2
4517,치명상,2
4518,송언석,2
4519,경합,2
4520,김기현,2
4521,단양,2
4522,김명,2
4523,해운,2
4524,윤준호,2
4525,오중,2
4526,용지,2
4527,무효표,2
4528,의향,2
4529,홍보물,2
4530,재능,2
4531,영화로,2
4532,곧바로,2
4533,학력,2
4534,공부,2
4535,횡설수설,2
4536,세계사,2
4537,미풍,2
4538,서면,2
4539,고등학교,2
4540,교장,2
4541,철통,2
4542,갑호,2
4543,남선,2
4544,김주성,2
4545,수구,2
4546,빨갱이,2
4547,소갈비,2
4548,조림,2
4549,판타지영화,2
4550,은닉,2
4551,청주,2
4552,기호,2
4553,창원시,2
4554,치매,2
4555,넥타이,2
4556,전하,2
4557,신분증,2
4558,엄지,2
4559,뒷전,2
4560,여파,2
4561,독사진,2
4562,조식,2
4563,하란,2
4564,스토킹,2
4565,화법,2
4566,상석,2
4567,군함,2
4568,쟁탈전,2
4569,망원,2
4570,김찍박,2
4571,수험생,2
4572,공군기지,2
4573,부천,2
4574,로이터,2
4575,오늘밤,2
4576,항쟁,2
4577,도우,2
4578,참매,2
4579,개봉,2
4580,바닥,2
4581,톡톡,2
4582,불꽃,2
4583,권영세,2
4584,큰절,2
4585,역전승,2
4586,괴산,2
4587,밀월,2
4588,날선,2
4589,주진우,2
4590,주권,2
4591,김경진,2
4592,권기창,2
4593,근접,2
4594,재일교포,2
4595,극도,2
4596,밀착,2
4597,염태영,2
4598,어린이집,2
4599,진의장,2
4600,밀회,2
4601,장애등급,2
4602,독려,2
4603,공짜,2
4604,봉급,2
4605,균형,2
4606,경악,2
4607,봉화,2
4608,뇌물수수,2
4609,언론사,2
4610,방과후,2
4611,입시,2
4612,나름,2
4613,감정,2
4614,극심,2
4615,건강검진,2
4616,요새,2
4617,매달,2
4618,한나라당,2
4619,헌신,2
4620,결코,2
4621,동부,2
4622,앵커,2
4623,전북지사,2
4624,전주시,2
4625,공기,2
4626,필수,2
4627,코스,2
4628,완공,2
4629,김수길,2
4630,모드,2
4631,방송사,2
4632,데이트,2
4633,가평,2
4634,제정,2
4635,명부,2
4636,천문학,2
4637,온건,2
4638,열흘,2
4639,포항시,2
4640,충남도,2
4641,승자,2
4642,밭갈이,2
4643,봇물,2
4644,실리,2
4645,혼전,2
4646,꼬리뼈,2
4647,골절,2
4648,약점,2
4649,줄다리기,2
4650,방관,2
4651,폭격,2
4652,모시,2
4653,병행,2
4654,조명록,2
4655,불협화음,2
4656,혐오,2
4657,회초리,2
4658,혈육,2
4659,폭발사고,2
4660,궤멸,2
4661,개울물,2
4662,권해,2
4663,카페,2
4664,반론,2
4665,똑바로,2
4666,조총련,2
4667,다행,2
4668,숭숭,2
4669,도끼,2
4670,만행,2
4671,박종진,2
4672,구령,2
4673,애호,2
4674,홈피,2
4675,돈세탁,2
4676,기류,2
4677,통방,2
4678,위선,2
4679,백원우,2
4680,돌발,2
4681,대한제국,2
4682,기자실,2
4683,계승,2
4684,전시관,2
4685,개관,2
4686,홍문종,2
4687,공소,2
4688,시효,2
4689,분명,2
4690,카자흐,2
4691,기습,2
4692,모략,2
4693,흥정,2
4694,남일,2
4695,방증,2
4696,플랫폼,2
4697,뭐기,2
4698,베일,2
4699,차남,2
4700,주의자,2
4701,도청,2
4702,허들,2
4703,김종대,2
4704,주제,2
4705,행복,2
4706,삼은,2
4707,연례,2
4708,페리,2
4709,명문,2
4710,자식,2
4711,쌍욕,2
4712,반역,2
4713,처사,2
4714,폐쇄쇼,2
4715,폭증,2
4716,지형,2
4717,성역,2
4718,장밋빛,2
4719,명명백백,2
4720,김제동,2
4721,기승,2
4722,소련,2
4723,사국,2
4724,콘크리트,2
4725,플랜,2
4726,패키지,2
4727,각오,2
4728,포커스,2
4729,개점휴업,2
4730,송도,2
4731,콸콸,2
4732,유인태,2
4733,로키,2
4734,노숙,2
4735,업종,2
4736,박사,2
4737,면선,2
4738,특필,2
4739,미제,2
4740,도록,2
4741,항구,2
4742,정상외교,2
4743,급파,2
4744,전락,2
4745,젊은이,2
4746,생화학,2
4747,깁스,2
4748,들개,2
4749,배수진,2
4750,파업,2
4751,화가,2
4752,시련,2
4753,충정,2
4754,랩터,2
4755,대기발령,2
4756,급부,2
4757,방지법,2
4758,맹약,2
4759,부금,2
4760,소령,2
4761,감격,2
4762,스타일,2
4763,공터,2
4764,가득,2
4765,소독,2
4766,안경,2
4767,그림,2
4768,거수경례,2
4769,다드,2
4770,가기,2
4771,력사,2
4772,속죄,2
4773,탈락,2
4774,최민희,2
4775,게양,2
4776,과잉,2
4777,배달,2
4778,각도,2
4779,도대체,2
4780,그린,2
4781,윤이상,2
4782,계좌,2
4783,국민권익위,2
4784,김영우,2
4785,돌진,2
4786,배짱,2
4787,빅뱅,2
4788,아침,2
4789,검색어,2
4790,여론몰이,2
4791,모바일,2
4792,등급,2
4793,연상,2
4794,주체,2
4795,핵시험,2
4796,평의회,2
4797,책상,2
4798,고무줄,2
4799,축복,2
4800,블로그,2
4801,국조,2
4802,대죄,2
4803,질질,2
4804,면접,2
4805,발레,2
4806,리본,2
4807,금수산태양궁전,2
4808,표어,2
4809,탈출,2
4810,역공,2
4811,마녀사냥,2
4812,마스크,2
4813,유령,2
4814,이성,2
4815,허락,2
4816,잠적,2
4817,정성,2
4818,세탁,2
4819,고액,2
4820,공무,2
4821,항공사,2
4822,퇴직금,2
4823,영내,2
4824,지수,2
4825,국내선,2
4826,멘토,2
4827,수상한,2
4828,솔솔,2
4829,슬로바키아,2
4830,공적,2
4831,추대,2
4832,이주열,2
4833,이글,2
4834,대표자,2
4835,목동,2
4836,비수,2
4837,보은,2
4838,장님,2
4839,우즈벡,2
4840,폄훼,2
4841,칠곡,2
4842,중기,2
4843,특수부대,2
4844,피날레,2
4845,이목희,2
4846,율촌,2
4847,배출,2
4848,독수리,2
4849,해결사,2
4850,소재,2
4851,술값,2
4852,공직선거법,2
4853,휴전선,2
4854,국경,2
4855,검찰총장,2
4856,압록강,2
4857,바흐,2
4858,금호,2
4859,타이어,2
4860,환율,2
4861,우스,2
4862,윤석열,2
4863,가격,2
4864,고가,2
4865,상반기,2
4866,일절,2
4867,불쌍,2
4868,전안,2
4869,장막,2
4870,강산에,2
4871,김광민,2
4872,베이징역,2
4873,구태,2
4874,거꾸로,2
4875,주춤,2
4876,흉흉,2
4877,왕실,2
4878,지로,2
4879,바다,2
4880,무마,2
4881,후송,2
4882,고려항공,2
4883,하향,2
4884,잔인,2
4885,정무수석,2
4886,백지영,2
4887,연탄가스,2
4888,국장,2
4889,탐색,2
4890,이인영,2
4891,기본권,2
4892,만장일치,2
4893,이라크,2
4894,가산,2
4895,제설,2
4896,팽팽,2
4897,공석,2
4898,곳간,2
4899,수교,2
4900,정경,2
4901,천영우,2
4902,폐단,2
4903,출두,2
4904,임제,2
4905,이용호,2
4906,손금,2
4907,나이스,2
4908,재무,2
4909,개항,2
4910,천국,2
4911,모의,2
4912,강간,2
4913,각본,2
4914,일지,2
4915,셔틀,2
4916,본관,2
4917,단절,2
4918,이윤택,2
4919,황준,2
4920,만찬회,2
4921,폭발물,2
4922,구획,2
4923,포석,2
4924,이원집정부제,2
4925,악용,2
4926,효상,2
4927,우리땅,2
4928,청소,2
4929,울릉도,2
4930,현행,2
4931,묵고,2
4932,류옌둥,2
4933,전진교,2
4934,청계,2
4935,굴종,2
4936,우회,2
4937,그것,2
4938,김훈,2
4939,중위,2
4940,제일,2
4941,발행,2
4942,언론보도,2
4943,애로,2
4944,손톱,2
4945,수뇌,2
4946,두만강,2
4947,안내,2
4948,변호인,2
4949,성빈,2
4950,본의,2
4951,방송국,2
4952,노르웨이,2
4953,삼판,2
4954,사망자,2
4955,청렴,2
4956,푸른,2
4957,리셉션,2
4958,요리,2
4959,음식,2
4960,월드,2
4961,이중,2
4962,유화,2
4963,잉크,2
4964,기석,2
4965,표창원,2
4966,여유만만,2
4967,만경봉,2
4968,척추,2
4969,잔칫집,2
4970,김현미,2
4971,무리,2
4972,유전,2
4973,이학재,2
4974,김부자,2
4975,배신자,2
4976,민평,2
4977,신원,2
4978,버버리,2
4979,행차,2
4980,상용,2
4981,쇼통,2
4982,비슷,2
4983,도우미,2
4984,자유민주,2
4985,한화,2
4986,큐셀,2
4987,왼쪽,2
4988,서지현,2
4989,외빈,2
4990,배덕광,2
4991,이어도,2
4992,부제,2
4993,보강,2
4994,생명,2
4995,전야제,2
4996,상견례,2
4997,정보원,2
4998,용도,2
4999,자구,2
5000,쪽지,2
5001,미소,2
5002,구원,2
5003,공신,2
5004,스카이,2
5005,베이,2
5006,경포,2
5007,골목,2
5008,박인숙,2
5009,문슬람,2
5010,안착,2
5011,코인,2
5012,비트코인,2
5013,귀신,2
5014,원년,2
5015,모란봉,2
5016,경찰대,2
5017,정호영,2
5018,동탁,2
5019,토벌,2
5020,지하철역,2
5021,담보,2
5022,체재비,2
5023,류여해,2
5024,초안,2
5025,반환,2
5026,균열,2
5027,아크,2
5028,합치,2
5029,햇볕정책,2
5030,혈안,2
5031,유영,2
5032,쇄빙선,2
5033,의존,2
5034,결별,2
5035,신년인사,2
5036,공헌,1
5037,컨설팅,1
5038,미신,1
5039,차이점,1
5040,트와이스,1
5041,탄도미사일,1
5042,수익금,1
5043,여진,1
5044,철상,1
5045,전통문화,1
5046,일주일,1
5047,새끼,1
5048,마리,1
5049,굴착기,1
5050,백록담,1
5051,무인기,1
5052,어벤저,1
5053,우익,1
5054,당파,1
5055,국도,1
5056,고조,1
5057,인내심,1
5058,폴란드,1
5059,주산,1
5060,절망,1
5061,옥죄기,1
5062,이익공유제,1
5063,갈수록,1
5064,후배,1
5065,찬제,1
5066,위국헌신상,1
5067,아집,1
5068,신동,1
5069,오스트리아,1
5070,주더,1
5071,백선엽,1
5072,전우,1
5073,불감,1
5074,청고,1
5075,백종원,1
5076,미련,1
5077,야전,1
5078,천거,1
5079,직서,1
5080,해촉,1
5081,코앞,1
5082,순항,1
5083,안민석,1
5084,학자,1
5085,착취,1
5086,포스텍,1
5087,박태준,1
5088,제수,1
5089,입금,1
5090,벼르던,1
5091,훈련기,1
5092,통문,1
5093,묵언,1
5094,원형,1
5095,로버트,1
5096,복판,1
5097,동양,1
5098,결사,1
5099,바라지,1
5100,자강,1
5101,원점,1
5102,등질,1
5103,의사결정,1
5104,타지키스탄,1
5105,박용진,1
5106,직스,1
5107,뻥튀기,1
5108,제지,1
5109,사거리,1
5110,남녘,1
5111,절세,1
5112,위인,1
5113,흠모,1
5114,허왕후,1
5115,기공식,1
5116,개월여,1
5117,타깃,1
5118,염수정,1
5119,추기경,1
5120,북하면,1
5121,조선업,1
5122,사과문,1
5123,포드,1
5124,로베스피에르,1
5125,재미,1
5126,깨달,1
5127,골재,1
5128,이임,1
5129,공제,1
5130,신동방,1
5131,한시,1
5132,예법,1
5133,물방울,1
5134,제법,1
5135,정운현,1
5136,반기,1
5137,다툼,1
5138,정보본부,1
5139,산불,1
5140,이정우,1
5141,보건,1
5142,금방,1
5143,특기,1
5144,봉사,1
5145,장현수,1
5146,광산,1
5147,골드만삭스,1
5148,전무,1
5149,세밀,1
5150,속마음,1
5151,네트워크,1
5152,정답,1
5153,용성,1
5154,수퍼컴퓨터,1
5155,경찰청,1
5156,실책,1
5157,애완견,1
5158,가습기,1
5159,비비,1
5160,기미,1
5161,상대방,1
5162,제소공,1
5163,라디오,1
5164,폐쇄예년,1
5165,물색,1
5166,찬탄,1
5167,통탄,1
5168,날조,1
5169,상반,1
5170,목례,1
5171,가계,1
5172,회안,1
5173,고착,1
5174,소액,1
5175,한도,1
5176,로서,1
5177,형체,1
5178,지라시,1
5179,첨단,1
5180,지상,1
5181,박도,1
5182,자취,1
5183,우호,1
5184,영도자,1
5185,기틀,1
5186,대법,1
5187,희생양,1
5188,무소,1
5189,불위,1
5190,신탁,1
5191,부쩍,1
5192,수렁,1
5193,형량감경,1
5194,감경,1
5195,재생에너지,1
5196,순차,1
5197,헤드,1
5198,랜턴,1
5199,프로,1
5200,발원,1
5201,성과급,1
5202,고서,1
5203,크렘린,1
5204,요소,1
5205,유총,1
5206,이복,1
5207,사악,1
5208,하겐,1
5209,보지,1
5210,유용,1
5211,한전기술,1
5212,증빙,1
5213,몰두,1
5214,비닐,1
5215,관보,1
5216,빵점,1
5217,파급,1
5218,배상금,1
5219,지점,1
5220,훈춘,1
5221,헤지,1
5222,일몰,1
5223,북악산,1
5224,산행,1
5225,포스트,1
5226,죈다,1
5227,재료,1
5228,노무,1
5229,일사천리,1
5230,내레이션,1
5231,의견서,1
5232,업보,1
5233,외풍,1
5234,가뭄,1
5235,어쩌려,1
5236,뿌듯,1
5237,삼권,1
5238,이쯤,1
5239,인민재판,1
5240,백승주,1
5241,산출,1
5242,위투,1
5243,강타,1
5244,중사,1
5245,존스홉킨스,1
5246,기계,1
5247,예능,1
5248,김명수,1
5249,자폭,1
5250,증설,1
5251,심보,1
5252,비영리,1
5253,학교법인,1
5254,에듀,1
5255,원아,1
5256,상위,1
5257,자서전,1
5258,밥값,1
5259,각각,1
5260,덩치,1
5261,무급,1
5262,담론,1
5263,최종건,1
5264,지체,1
5265,정개,1
5266,변형,1
5267,기차역,1
5268,형사범,1
5269,쟁의,1
5270,자가,1
5271,당착,1
5272,민언련,1
5273,입맛,1
5274,유럽의회,1
5275,용돈,1
5276,제화,1
5277,위만,1
5278,개원,1
5279,배기,1
5280,연평,1
5281,스쿨,1
5282,손보,1
5283,소나무재선충,1
5284,음달,1
5285,북방한계선,1
5286,이득,1
5287,사기꾼,1
5288,방도,1
5289,성경책,1
5290,사치품,1
5291,중거리,1
5292,탐독,1
5293,난장판,1
5294,계정,1
5295,이직,1
5296,선견,1
5297,호통,1
5298,이탈리아,1
5299,억대,1
5300,중간광고,1
5301,수신료,1
5302,도둑질,1
5303,보조,1
5304,법관,1
5305,메르켈,1
5306,군림,1
5307,환노위,1
5308,이지스,1
5309,한복,1
5310,도복,1
5311,순이익,1
5312,토막,1
5313,세속,1
5314,건만,1
5315,폐가,1
5316,외박,1
5317,예비역,1
5318,아미,1
5319,타이거,1
5320,보병,1
5321,보급,1
5322,달짜,1
5323,국무원장,1
5324,벤처기업,1
5325,농촌,1
5326,저체중,1
5327,국책,1
5328,연구기관,1
5329,돌변,1
5330,묘역,1
5331,기필코,1
5332,바티칸,1
5333,이탈리아어,1
5334,콘테,1
5335,조태열,1
5336,전형,1
5337,입사,1
5338,어둠,1
5339,감성,1
5340,고지,1
5341,이제껏,1
5342,김상환,1
5343,가정부,1
5344,꿀꺽,1
5345,실험실,1
5346,개구리,1
5347,고궁,1
5348,매표,1
5349,적당,1
5350,주신,1
5351,주필,1
5352,크롱,1
5353,그때,1
5354,엘리제궁,1
5355,부곡,1
5356,납품,1
5357,남색,1
5358,차세대,1
5359,발동,1
5360,일종,1
5361,교전,1
5362,수칙,1
5363,구축함,1
5364,호전,1
5365,수소,1
5366,라자루스,1
5367,네팔,1
5368,모레,1
5369,탄도탄,1
5370,선인,1
5371,구호단체,1
5372,죄기,1
5373,진퇴,1
5374,주체사상,1
5375,점주,1
5376,빅텐,1
5377,트론,1
5378,섣불리,1
5379,재래식,1
5380,격찬,1
5381,특채,1
5382,원자력안전위,1
5383,계해,1
5384,자초,1
5385,문화원,1
5386,무슬림,1
5387,별별,1
5388,따로따로,1
5389,전파,1
5390,추진제,1
5391,해군력,1
5392,카약,1
5393,미용,1
5394,성형,1
5395,횡행,1
5396,국내외,1
5397,이진,1
5398,강성주,1
5399,선동열,1
5400,웬일,1
5401,수익,1
5402,사투리,1
5403,지능,1
5404,이튿날,1
5405,긴장감,1
5406,채희봉,1
5407,강성천,1
5408,퓨마,1
5409,대용,1
5410,안위,1
5411,초범,1
5412,개성시,1
5413,면적,1
5414,기계화,1
5415,재방북,1
5416,구하라,1
5417,건일,1
5418,월세,1
5419,종대,1
5420,롤스로이스,1
5421,제도로,1
5422,불법체류자,1
5423,정오,1
5424,편찬,1
5425,중립국,1
5426,시료,1
5427,채취,1
5428,오부,1
5429,라디오방송,1
5430,송신,1
5431,차서,1
5432,월성,1
5433,호기,1
5434,매출,1
5435,본적,1
5436,포용,1
5437,이순재,1
5438,전열,1
5439,막료,1
5440,심포지엄,1
5441,상사,1
5442,원수,1
5443,천재,1
5444,원색,1
5445,비탈길,1
5446,비운,1
5447,박헌영,1
5448,나진,1
5449,하산,1
5450,답지,1
5451,자성,1
5452,사업자,1
5453,복수국적,1
5454,칼질,1
5455,우편물,1
5456,조이,1
5457,야마모토,1
5458,통일세,1
5459,해발,1
5460,난투극,1
5461,골몰,1
5462,방송작가,1
5463,엊그제,1
5464,양빈,1
5465,악성코드,1
5466,경보,1
5467,치면,1
5468,아수라,1
5469,전당,1
5470,정위,1
5471,강진,1
5472,반도체,1
5473,만만,1
5474,찮다,1
5475,대박,1
5476,시발,1
5477,콘텐츠,1
5478,억압,1
5479,무협,1
5480,코치,1
5481,땅속,1
5482,로스쿨,1
5483,두려움,1
5484,정제,1
5485,반입량,1
5486,단군,1
5487,후손,1
5488,널리,1
5489,방북후,1
5490,명계남,1
5491,사범,1
5492,모나,1
5493,백스페이스,1
5494,무상교육,1
5495,임재훈,1
5496,신한은행,1
5497,대출,1
5498,우윤근,1
5499,형사입건,1
5500,시어머니,1
5501,등정,1
5502,간소화,1
5503,사병,1
5504,유포자,1
5505,의법,1
5506,폭거,1
5507,코스프레,1
5508,생떼,1
5509,명중,1
5510,정물,1
5511,박영수,1
5512,외나무다리,1
5513,일신,1
5514,들꽃,1
5515,등용,1
5516,위문,1
5517,야간,1
5518,황인,1
5519,과잉행동,1
5520,효율,1
5521,눈칫밥,1
5522,군국,1
5523,몰상식,1
5524,구원투수,1
5525,가을비,1
5526,통령정부,1
5527,화물선,1
5528,인멸하,1
5529,철원,1
5530,김책공대,1
5531,대중,1
5532,김일성대,1
5533,태형철,1
5534,알바,1
5535,임용,1
5536,전표,1
5537,돌비,1
5538,케이,1
5539,선영,1
5540,기재,1
5541,보전,1
5542,김영균,1
5543,범죄자,1
5544,용인시,1
5545,철모,1
5546,화성시,1
5547,재갈,1
5548,쏜다,1
5549,반품,1
5550,준수,1
5551,민회,1
5552,뇌관,1
5553,불사,1
5554,이태호,1
5555,적기,1
5556,번은,1
5557,소관,1
5558,정치화,1
5559,죄악,1
5560,촉박,1
5561,가선,1
5562,플러스,1
5563,도산,1
5564,안창호,1
5565,띄우기,1
5566,금도,1
5567,재외,1
5568,수감자,1
5569,회도,1
5570,막대,1
5571,국가주석,1
5572,호들갑,1
5573,사이버공격,1
5574,국회예산정책처,1
5575,아흐바즈,1
5576,의논,1
5577,손가락,1
5578,비속어,1
5579,무한,1
5580,임펜,1
5581,헌법재판소장,1
5582,한가위,1
5583,모양,1
5584,입수,1
5585,여생,1
5586,생도,1
5587,퇴교,1
5588,로남,1
5589,불의,1
5590,극치,1
5591,혈통,1
5592,자숙하,1
5593,구설수,1
5594,산실,1
5595,군중,1
5596,헬기장,1
5597,상세,1
5598,참고인,1
5599,여가부,1
5600,케이블카,1
5601,윤영,1
5602,국방력,1
5603,자마자,1
5604,만수대,1
5605,하계올림픽,1
5606,펑크,1
5607,협만,1
5608,피켓,1
5609,카멜레온,1
5610,불굴,1
5611,적격성,1
5612,랭면,1
5613,지코,1
5614,차범근,1
5615,인사말,1
5616,객수,1
5617,금년,1
5618,듯문,1
5619,대창,1
5620,선봉,1
5621,특별판,1
5622,종횡무진,1
5623,김위,1
5624,탄도,1
5625,안동춘,1
5626,최현우,1
5627,술사,1
5628,불비,1
5629,색색,1
5630,소름,1
5631,유람,1
5632,객석,1
5633,만세,1
5634,함성,1
5635,퍼포먼스,1
5636,가맹,1
5637,가해,1
5638,혁명가극,1
5639,처녀,1
5640,한민족,1
5641,현정화,1
5642,시민사회,1
5643,차안,1
5644,화보,1
5645,외자,1
5646,매스게임,1
5647,대운동회,1
5648,지루,1
5649,셀피,1
5650,집합,1
5651,시속,1
5652,직면,1
5653,맞짱,1
5654,허심,1
5655,탄회,1
5656,개악,1
5657,블랭크,1
5658,씨름,1
5659,실정법,1
5660,박람회,1
5661,파이팅,1
5662,정의선,1
5663,실과,1
5664,팩스,1
5665,송수,1
5666,코레일,1
5667,여학생,1
5668,구광모,1
5669,근력,1
5670,적성검사,1
5671,논술,1
5672,해직,1
5673,거제,1
5674,혈세,1
5675,왕창,1
5676,소일,1
5677,눌렸다,1
5678,이제야,1
5679,탐지,1
5680,부표,1
5681,살피,1
5682,대지,1
5683,금태섭,1
5684,완충지대,1
5685,영문,1
5686,회람,1
5687,금리인하,1
5688,분양,1
5689,원가,1
5690,초정,1
5691,발달,1
5692,애환,1
5693,평생,1
5694,사형제,1
5695,중유,1
5696,대발,1
5697,출금,1
5698,영기,1
5699,폭등,1
5700,청과,1
5701,회때,1
5702,통증,1
5703,배웅,1
5704,코너,1
5705,오바마,1
5706,민족사,1
5707,대의,1
5708,수비,1
5709,생가,1
5710,일개,1
5711,판례,1
5712,권력분립,1
5713,제헌,1
5714,정쟁속,1
5715,체중,1
5716,음대,1
5717,정략적,1
5718,상한,1
5719,해초,1
5720,고기,1
5721,배급,1
5722,과당,1
5723,국회의사당,1
5724,동성혼,1
5725,군사력,1
5726,슈주,1
5727,간문제,1
5728,블레어,1
5729,잠룡들,1
5730,기지개,1
5731,평남,1
5732,조립,1
5733,록히드,1
5734,마틴,1
5735,박진혁,1
5736,배포,1
5737,제기랄,1
5738,그래프,1
5739,줄리엣,1
5740,키스,1
5741,혁신도시,1
5742,시즌,1
5743,탄원서,1
5744,예속,1
5745,후반,1
5746,오메,1
5747,멸치,1
5748,새우,1
5749,특산,1
5750,정절,1
5751,교육비,1
5752,이광호,1
5753,과천,1
5754,의왕,1
5755,차근차근,1
5756,저녁식사,1
5757,순진,1
5758,장특,1
5759,모터사이클,1
5760,생애,1
5761,양쪽,1
5762,진의,1
5763,홋카이도,1
5764,여행객,1
5765,경상,1
5766,도박,1
5767,로널드,1
5768,헬스,1
5769,보름,1
5770,스피커,1
5771,귀엣말,1
5772,웃음,1
5773,저주,1
5774,상무부,1
5775,학술지,1
5776,역병,1
5777,형평성,1
5778,운동선수,1
5779,전성기,1
5780,능사,1
5781,성공회,1
5782,도서관,1
5783,의사당,1
5784,명꼴,1
5785,전인대,1
5786,국제공항,1
5787,삼각파,1
5788,네타,1
5789,직장,1
5790,경범죄,1
5791,공공,1
5792,하부,1
5793,길거리,1
5794,안정화,1
5795,청진,1
5796,용소,1
5797,강제노동,1
5798,위성사진,1
5799,무너뜨릴,1
5800,이론,1
5801,괴리,1
5802,재창,1
5803,어게인,1
5804,태평,1
5805,데이터,1
5806,다당제,1
5807,확립,1
5808,새정치,1
5809,보람,1
5810,김연,1
5811,직진,1
5812,회귀,1
5813,단합,1
5814,박경서,1
5815,헌법재판소,1
5816,리블린,1
5817,이스라엘,1
5818,살상,1
5819,집속탄,1
5820,밀접,1
5821,성공사례,1
5822,핵공격,1
5823,상연,1
5824,뚝심,1
5825,교육부총리,1
5826,마당,1
5827,쟁점법안,1
5828,방위사업청,1
5829,김영주,1
5830,자원부,1
5831,조실,1
5832,정재숙,1
5833,국가공무원,1
5834,최대현,1
5835,수상,1
5836,소비,1
5837,초고,1
5838,감찰관,1
5839,기용,1
5840,촉법,1
5841,재소,1
5842,리창,1
5843,미래세,1
5844,포퓰리즘,1
5845,장선,1
5846,동서,1
5847,서호,1
5848,지금껏,1
5849,절박,1
5850,근대,1
5851,자원,1
5852,수산,1
5853,병기,1
5854,현판,1
5855,눈엣,1
5856,양해각서,1
5857,금융업,1
5858,돈주,1
5859,치하,1
5860,자족,1
5861,특례시,1
5862,개연,1
5863,인맥,1
5864,유종,1
5865,축산물,1
5866,마사지,1
5867,성실,1
5868,경신,1
5869,무데뽀,1
5870,이변,1
5871,죽지,1
5872,스페셜,1
5873,리포트,1
5874,과기부,1
5875,민원기,1
5876,박천,1
5877,김양수,1
5878,강용석,1
5879,두루,1
5880,김해영,1
5881,남인순,1
5882,조로,1
5883,자유무역,1
5884,부리,1
5885,겨눈,1
5886,말끝,1
5887,관리자,1
5888,빗줄기,1
5889,기둥,1
5890,인기투표,1
5891,형사,1
5892,미만,1
5893,출산율,1
5894,하소연,1
5895,미명,1
5896,군검찰,1
5897,송치,1
5898,보국훈장,1
5899,철저,1
5900,들락날락,1
5901,태국인,1
5902,감수,1
5903,다소,1
5904,모자,1
5905,재향군인회,1
5906,격주회동,1
5907,무소식,1
5908,경감,1
5909,객실,1
5910,회포,1
5911,실정,1
5912,수필집,1
5913,작별,1
5914,고령화,1
5915,세제,1
5916,수혜,1
5917,사익,1
5918,편취,1
5919,과징금,1
5920,오열,1
5921,형님,1
5922,군사도시,1
5923,뽀로로,1
5924,케이팝,1
5925,워스트,1
5926,오프로드,1
5927,캠핑,1
5928,감원,1
5929,양성,1
5930,워마드,1
5931,월남,1
5932,다낭,1
5933,영사관,1
5934,분대,1
5935,협약,1
5936,주간,1
5937,집계,1
5938,제자리걸음,1
5939,실감,1
5940,삼각지,1
5941,해칠,1
5942,군사개입,1
5943,국제민간항공기구,1
5944,손녀,1
5945,민항기,1
5946,아난,1
5947,살이,1
5948,균형발전,1
5949,조종,1
5950,신범철,1
5951,중형,1
5952,독차지,1
5953,위법성,1
5954,질식,1
5955,강가,1
5956,도륙,1
5957,학살,1
5958,말레이,1
5959,커밍아웃,1
5960,격진,1
5961,민영화,1
5962,유민,1
5963,강안,1
5964,통영,1
5965,효창,1
5966,독립운동,1
5967,중공군,1
5968,정율성,1
5969,매입,1
5970,신용장,1
5971,산자,1
5972,신재생에너지,1
5973,공물,1
5974,봉납,1
5975,시가,1
5976,센트럴,1
5977,명그,1
5978,수권법,1
5979,곁가지,1
5980,빅데이터,1
5981,일간,1
5982,큰손,1
5983,정령,1
5984,골뱅이,1
5985,도시철도,1
5986,컬럼비아대,1
5987,국학,1
5988,팔굽혀펴기,1
5989,짤방,1
5990,시가지,1
5991,수줍음,1
5992,면세점,1
5993,김효준,1
5994,심려,1
5995,친람,1
5996,수판,1
5997,튕겨,1
5998,남포,1
5999,성유,1
6000,만경대,1
6001,권은희,1
6002,차라리,1
6003,악몽,1
6004,허송,1
6005,도살,1
6006,가축,1
6007,재혼,1
6008,위신,1
6009,손가혁,1
6010,부요,1
6011,장바구니,1
6012,물가,1
6013,손상,1
6014,열량,1
6015,옛날,1
6016,직함,1
6017,예행,1
6018,녹슨,1
6019,군번줄,1
6020,밀수입,1
6021,농해,1
6022,농림부,1
6023,추혜선,1
6024,경제력,1
6025,예단,1
6026,리콜,1
6027,국군사이버사령부,1
6028,심리전,1
6029,총사령관,1
6030,교도,1
6031,중정부,1
6032,축구팀,1
6033,속옷,1
6034,방화,1
6035,티셔츠,1
6036,무릅쓰,1
6037,양성화,1
6038,해편,1
6039,화색,1
6040,서류,1
6041,서고,1
6042,행정권,1
6043,남용,1
6044,기각,1
6045,존치,1
6046,탄산음료,1
6047,미온,1
6048,유자녀,1
6049,유기준,1
6050,화물,1
6051,직급,1
6052,자택,1
6053,포병,1
6054,태연,1
6055,장합,1
6056,대오,1
6057,세이프,1
6058,침체,1
6059,김영배,1
6060,홍성걸,1
6061,김사랑,1
6062,정신병원,1
6063,뒷걸음,1
6064,출국금지,1
6065,유유,1
6066,조사만,1
6067,내공,1
6068,인륜,1
6069,인민군,1
6070,재등장,1
6071,승민,1
6072,천명,1
6073,중공업,1
6074,전보,1
6075,구의회,1
6076,약자,1
6077,정신질환,1
6078,콜롬비아,1
6079,공격수,1
6080,답신,1
6081,화약고,1
6082,복합,1
6083,말썽,1
6084,탄피,1
6085,기법,1
6086,한나절,1
6087,몸통,1
6088,동학,1
6089,내왕,1
6090,선관,1
6091,대덕,1
6092,충전,1
6093,기무부대,1
6094,한명숙,1
6095,시국,1
6096,운산,1
6097,청천강,1
6098,반민특위,1
6099,금속,1
6100,트롤,1
6101,밀실,1
6102,별관,1
6103,예포,1
6104,직할,1
6105,페루,1
6106,마추,1
6107,픽추,1
6108,추돌사고,1
6109,시간대,1
6110,상해,1
6111,정몽헌,1
6112,추모식,1
6113,자연재해,1
6114,선배,1
6115,각자,1
6116,경륜,1
6117,독촉,1
6118,친환경,1
6119,도약,1
6120,양자,1
6121,줄타기,1
6122,유심,1
6123,호평,1
6124,불쏘시개,1
6125,봉하,1
6126,전공,1
6127,해산물,1
6128,웨인,1
6129,에어,1
6130,침소,1
6131,봉대,1
6132,물놀이,1
6133,천주교,1
6134,불교,1
6135,언론플레이,1
6136,집착,1
6137,김지윤,1
6138,승복,1
6139,기씨,1
6140,계몽군주,1
6141,신파,1
6142,연합군,1
6143,생큐,1
6144,빨래,1
6145,방서,1
6146,미팅,1
6147,겹치기,1
6148,박중훈,1
6149,지정도,1
6150,콘셉트,1
6151,성수,1
6152,어디가,1
6153,공시생,1
6154,등원,1
6155,마오쩌둥,1
6156,장남,1
6157,개도,1
6158,물질,1
6159,램버트,1
6160,신문고,1
6161,둔갑,1
6162,이철희,1
6163,제조업,1
6164,식물,1
6165,김종갑,1
6166,쿵쉬,1
6167,안유,1
6168,박명,1
6169,퇴근길,1
6170,택배,1
6171,다중,1
6172,입가,1
6173,본선,1
6174,농림축산식품부,1
6175,설인사,1
6176,동물보호,1
6177,농식품부,1
6178,잘잘못,1
6179,인청특위,1
6180,분립,1
6181,몰염치,1
6182,의무감,1
6183,유산,1
6184,도당,1
6185,내츄럴,1
6186,엔도,1
6187,차익,1
6188,이유정,1
6189,유동열,1
6190,봉산,1
6191,불구속,1
6192,병무청장,1
6193,군심,1
6194,세론,1
6195,붉힌,1
6196,기무사령부,1
6197,표적,1
6198,원통,1
6199,무거,1
6200,발길,1
6201,전승,1
6202,정미홍,1
6203,신임장,1
6204,본질,1
6205,윤영석,1
6206,합작,1
6207,파고,1
6208,진땀,1
6209,강창일,1
6210,아치,1
6211,종교인,1
6212,박덕흠,1
6213,보육,1
6214,산업부,1
6215,인준,1
6216,해병,1
6217,퇴임후,1
6218,삼겹살,1
6219,입담,1
6220,노동운동,1
6221,추억,1
6222,하루아침,1
6223,정수사,1
6224,고인,1
6225,웠던,1
6226,이루,1
6227,무분별,1
6228,물결,1
6229,명복,1
6230,침통,1
6231,입각,1
6232,적극성,1
6233,상근,1
6234,조바심,1
6235,핵물질,1
6236,통진당,1
6237,탁구공,1
6238,민화협,1
6239,결성,1
6240,분향소,1
6241,감히,1
6242,캐비닛,1
6243,백성,1
6244,서초동,1
6245,배우자,1
6246,증여세,1
6247,탈루,1
6248,연때,1
6249,나훈아,1
6250,오염,1
6251,일비,1
6252,성생활,1
6253,중시,1
6254,마침내,1
6255,출현,1
6256,소아당뇨,1
6257,누굴,1
6258,좀비,1
6259,리도,1
6260,부축,1
6261,강호,1
6262,장례식,1
6263,김선동,1
6264,황영철,1
6265,호위함,1
6266,제혁,1
6267,이주,1
6268,상주,1
6269,낙폭,1
6270,아동학대,1
6271,중절모,1
6272,힙합,1
6273,절레절레,1
6274,꼰대,1
6275,격주,1
6276,파월,1
6277,토고,1
6278,개조,1
6279,몰입,1
6280,승전,1
6281,내란,1
6282,법령,1
6283,함경도,1
6284,정보사,1
6285,제보,1
6286,개고기,1
6287,양견,1
6288,허영,1
6289,린지,1
6290,김미화,1
6291,학습지도,1
6292,해설,1
6293,식용,1
6294,추인,1
6295,국가인권위,1
6296,참모총장,1
6297,장진호,1
6298,도울,1
6299,이춘석,1
6300,교대,1
6301,납세,1
6302,연맹,1
6303,행정소송,1
6304,법사,1
6305,여상규,1
6306,깔깔이,1
6307,짬찌,1
6308,쿠사리,1
6309,은어,1
6310,영관,1
6311,지배인,1
6312,대다수,1
6313,강선,1
6314,근교,1
6315,추출,1
6316,변인,1
6317,재벌해체,1
6318,탁구,1
6319,복식,1
6320,안녕하십니까,1
6321,드니,1
6322,과민반응,1
6323,상생,1
6324,공역,1
6325,수배,1
6326,현상금,1
6327,밀수출,1
6328,꿈쩍,1
6329,관례,1
6330,남해,1
6331,콤비,1
6332,비서진,1
6333,육박,1
6334,막장,1
6335,침입,1
6336,변국,1
6337,툭툭,1
6338,남자친구,1
6339,초입,1
6340,호가호위,1
6341,단호,1
6342,누드사진,1
6343,르망,1
6344,양성평등,1
6345,회의장,1
6346,리셴룽,1
6347,파수,1
6348,성체,1
6349,증오,1
6350,오차,1
6351,낙방,1
6352,라선,1
6353,뭉개,1
6354,회색,1
6355,두부,1
6356,개발이익,1
6357,표차,1
6358,당락,1
6359,희비,1
6360,청양군,1
6361,검표,1
6362,영등포동,1
6363,김병기,1
6364,전익수,1
6365,공군본부,1
6366,진행중,1
6367,이어진,1
6368,촛불집회,1
6369,내란음모죄,1
6370,치안,1
6371,조심,1
6372,입법부,1
6373,진압자,1
6374,개회,1
6375,김황식,1
6376,요가,1
6377,강사,1
6378,블라디보스토크,1
6379,친필,1
6380,수돗물,1
6381,역위,1
6382,간디,1
6383,회서,1
6384,명찰,1
6385,패용,1
6386,옷감,1
6387,립스틱,1
6388,숄티,1
6389,수성구,1
6390,구의,1
6391,장법,1
6392,외과의사,1
6393,뉴델리,1
6394,더욱,1
6395,이국,1
6396,난립,1
6397,운용체계,1
6398,화원,1
6399,급식,1
6400,킨타,1
6401,고관,1
6402,대작,1
6403,반면,1
6404,한여름,1
6405,난로,1
6406,방값,1
6407,미나,1
6408,시인,1
6409,거세,1
6410,금융기관,1
6411,내집마련,1
6412,상전,1
6413,벽해,1
6414,문학상,1
6415,난수,1
6416,홍의,1
6417,말리,1
6418,구일,1
6419,펑펑,1
6420,확충,1
6421,입영,1
6422,지서,1
6423,없나특활비,1
6424,범문,1
6425,자꾸만,1
6426,홍수,1
6427,착시,1
6428,방일,1
6429,폭망,1
6430,구인,1
6431,화창,1
6432,단물,1
6433,엉덩이,1
6434,폐쇄땐,1
6435,최신,1
6436,레이더,1
6437,기강,1
6438,노정,1
6439,국내법,1
6440,권법,1
6441,민주공화국,1
6442,만전,1
6443,기해,1
6444,무부,1
6445,뒤엎,1
6446,마구간,1
6447,김현욱,1
6448,민망,1
6449,제청,1
6450,적정,1
6451,큰딸,1
6452,핵탄두,1
6453,확행,1
6454,원심,1
6455,북상,1
6456,화장품,1
6457,거목,1
6458,려고,1
6459,다태,1
6460,개장,1
6461,불법체류,1
6462,녹조,1
6463,한양대,1
6464,부경대,1
6465,고유,1
6466,면서,1
6467,강보,1
6468,민경욱,1
6469,정년,1
6470,이철성,1
6471,둘리,1
6472,투먼,1
6473,대교,1
6474,미니스커트,1
6475,운송,1
6476,모이,1
6477,머그컵,1
6478,기력,1
6479,군함도,1
6480,대항,1
6481,참견,1
6482,신하,1
6483,수방사,1
6484,조지훈,1
6485,낙화,1
6486,불체포특권,1
6487,병설,1
6488,사법연수원,1
6489,차석,1
6490,비감,1
6491,작태,1
6492,화장,1
6493,기차표,1
6494,열풍,1
6495,레일,1
6496,뒷걸음질,1
6497,벌금형,1
6498,동남권,1
6499,김정렬,1
6500,태국,1
6501,공평,1
6502,이군현,1
6503,건전,1
6504,곽상,1
6505,용선,1
6506,배설,1
6507,거대,1
6508,사이다,1
6509,여러분,1
6510,반미,1
6511,수의계약,1
6512,독단,1
6513,서북,1
6514,국민훈장,1
6515,사심,1
6516,각개,1
6517,격파,1
6518,책무,1
6519,근대화,1
6520,핫바,1
6521,부린다,1
6522,호랑이,1
6523,공과,1
6524,근성,1
6525,투지,1
6526,황교익,1
6527,대상자,1
6528,묘비,1
6529,이한동,1
6530,강창희,1
6531,어록,1
6532,체현,1
6533,현대,1
6534,풍운아,1
6535,아산병원,1
6536,제야,1
6537,페이스,1
6538,부재,1
6539,통감,1
6540,집필,1
6541,기준서,1
6542,팔짱,1
6543,동방,1
6544,신각수,1
6545,부시장,1
6546,무관용,1
6547,박의,1
6548,김재원,1
6549,격분,1
6550,지배,1
6551,기립박수,1
6552,가속도,1
6553,시베리아,1
6554,횡단철,1
6555,주춧돌,1
6556,향발,1
6557,향방,1
6558,농담,1
6559,폭소,1
6560,식구,1
6561,김종인,1
6562,패자,1
6563,증표,1
6564,전준,1
6565,오제세,1
6566,급변,1
6567,수레,1
6568,주소,1
6569,당주,1
6570,현황,1
6571,법외,1
6572,술렁,1
6573,으르렁,1
6574,개업,1
6575,홍변,1
6576,재연,1
6577,전반,1
6578,정종섭,1
6579,윤상직,1
6580,걸프전,1
6581,장기판,1
6582,해이해,1
6583,국세청,1
6584,전권,1
6585,부패,1
6586,척결,1
6587,권력투쟁,1
6588,제어,1
6589,송민순,1
6590,길잡이,1
6591,변제,1
6592,라운드,1
6593,쿠슈너,1
6594,장진영,1
6595,성문,1
6596,씨앗,1
6597,광역의회,1
6598,기관지,1
6599,누명,1
6600,충렬,1
6601,우문,1
6602,실용,1
6603,자율성,1
6604,사후,1
6605,저희,1
6606,물밑선,1
6607,입증,1
6608,히틀러,1
6609,체임벌린,1
6610,판박이,1
6611,모범,1
6612,문도,1
6613,어보,1
6614,뼛속,1
6615,무성,1
6616,독고,1
6617,축배,1
6618,과감,1
6619,빈사,1
6620,맙시,1
6621,박준희,1
6622,낙성,1
6623,향수,1
6624,절친,1
6625,로드,1
6626,족집게,1
6627,적중,1
6628,엎치락,1
6629,뒤치락,1
6630,장휘국,1
6631,충북도지사,1
6632,박우량,1
6633,신안군,1
6634,인제,1
6635,최상기,1
6636,신기록,1
6637,영광군,1
6638,강남구,1
6639,과반수,1
6640,의기양양,1
6641,클린턴,1
6642,머리카락,1
6643,생체,1
6644,투숙,1
6645,사원,1
6646,해운대,1
6647,연승,1
6648,쏠쏠,1
6649,담임,1
6650,선생님,1
6651,장석,1
6652,전남도,1
6653,탈환,1
6654,탄식,1
6655,존폐,1
6656,동호,1
6657,성공시대,1
6658,김석준,1
6659,이희진,1
6660,영덕,1
6661,송귀근,1
6662,체적,1
6663,대희,1
6664,군포시,1
6665,괄목,1
6666,전찬,1
6667,구충,1
6668,화순,1
6669,김영만,1
6670,군위,1
6671,장덕,1
6672,부천시,1
6673,유두석,1
6674,이승,1
6675,청도군수,1
6676,청도,1
6677,윤경희,1
6678,김순호,1
6679,신우철,1
6680,완도,1
6681,이윤,1
6682,함평,1
6683,김준성,1
6684,고양시,1
6685,옥희,1
6686,새날,1
6687,오도,1
6688,김주수,1
6689,이항로,1
6690,공교육,1
6691,지각,1
6692,변동,1
6693,천단,1
6694,무안,1
6695,신안,1
6696,영암,1
6697,나경,1
6698,윤일규,1
6699,이창수,1
6700,김정호,1
6701,종길,1
6702,엄태영,1
6703,최대원,1
6704,박경국,1
6705,동갑,1
6706,맹성규,1
6707,윤형,1
6708,북구,1
6709,이상헌,1
6710,박대동,1
6711,임정엽,1
6712,어쩌면,1
6713,이승철,1
6714,한지민,1
6715,유효,1
6716,북적,1
6717,기권,1
6718,자라,1
6719,똑똑,1
6720,중이,1
6721,다지,1
6722,아이패드,1
6723,발코니,1
6724,승기,1
6725,임해규,1
6726,꼴찌,1
6727,주명,1
6728,도래,1
6729,타임,1
6730,머릿,1
6731,박성호,1
6732,뒤집혔다,1
6733,안산,1
6734,오토,1
6735,레짐체,1
6736,제주시,1
6737,민공,1
6738,회관,1
6739,김일권,1
6740,통역관,1
6741,덜미,1
6742,잠시,1
6743,정점,1
6744,익산,1
6745,참석자,1
6746,디스,1
6747,카운트,1
6748,프리미엄,1
6749,합집,1
6750,켈리,1
6751,조진래,1
6752,트럼트,1
6753,드레스코드,1
6754,수첩,1
6755,돌풍,1
6756,월계관,1
6757,차림,1
6758,인트리,1
6759,홀로,1
6760,북판,1
6761,주요한,1
6762,매력,1
6763,운전사,1
6764,꼭대기,1
6765,용병,1
6766,민감,1
6767,옷차림,1
6768,앞바다,1
6769,사고방식,1
6770,비호,1
6771,산파,1
6772,선점,1
6773,검문,1
6774,방탄차,1
6775,엘리베이터,1
6776,장벽,1
6777,뺨친,1
6778,남영동,1
6779,대공분실,1
6780,전전긍긍,1
6781,뒤집힌다,1
6782,리니지,1
6783,운집,1
6784,통치,1
6785,남관,1
6786,판별,1
6787,박두,1
6788,쌀밥,1
6789,잔뜩,1
6790,누리꾼,1
6791,전도,1
6792,이동환,1
6793,코미디,1
6794,자매도시,1
6795,기지역,1
6796,목포시장,1
6797,도야,1
6798,징계처분,1
6799,청주시,1
6800,뚜껑,1
6801,임회무,1
6802,분분,1
6803,지고,1
6804,하층,1
6805,침수,1
6806,농사,1
6807,우정훈,1
6808,나꼼수,1
6809,농어,1
6810,어민,1
6811,최재관,1
6812,희망고문,1
6813,참여자,1
6814,가당,1
6815,소린,1
6816,조연,1
6817,일단락,1
6818,적통,1
6819,실소,1
6820,김홍식,1
6821,두현,1
6822,이의제기,1
6823,세곡동,1
6824,학적,1
6825,어머니,1
6826,농민,1
6827,손바닥,1
6828,삼청동,1
6829,레고랜드,1
6830,선거일,1
6831,국어,1
6832,한나라,1
6833,새누리,1
6834,핫팬츠,1
6835,프리허그,1
6836,맹폭,1
6837,대륙,1
6838,뉴타운,1
6839,음란,1
6840,청백리,1
6841,정미경,1
6842,페미니스트,1
6843,신지,1
6844,관영,1
6845,육교,1
6846,효환,1
6847,임종,1
6848,화물차,1
6849,주차장,1
6850,앓이,1
6851,관용,1
6852,호도,1
6853,맹주,1
6854,지숙,1
6855,서민,1
6856,쯔쯔쯔,1
6857,새누리당,1
6858,박용,1
6859,이발,1
6860,품행제로,1
6861,김방훈,1
6862,환원,1
6863,공보,1
6864,미궁,1
6865,박노욱,1
6866,화이팅,1
6867,차명진,1
6868,서대석,1
6869,관심사,1
6870,투표일,1
6871,서구청,1
6872,초보,1
6873,은하,1
6874,관권,1
6875,여수시,1
6876,투표제,1
6877,흑색선전,1
6878,근소,1
6879,남부,1
6880,우편,1
6881,줄투표,1
6882,재현,1
6883,압승할까,1
6884,배우,1
6885,타코,1
6886,단기간,1
6887,서남,1
6888,벨트,1
6889,진흙탕,1
6890,해변,1
6891,마나,1
6892,나머지,1
6893,깽판,1
6894,최저생계비,1
6895,칭다오,1
6896,테르테,1
6897,전시회,1
6898,얍삽하,1
6899,운영자,1
6900,중원,1
6901,문수,1
6902,일일,1
6903,캐셔,1
6904,베끼기,1
6905,모독,1
6906,속지,1
6907,손훈모,1
6908,찰스,1
6909,신용,1
6910,증평,1
6911,공항버스,1
6912,면허,1
6913,이현웅,1
6914,생태도시,1
6915,김승수,1
6916,맑은,1
6917,산소,1
6918,초음속,1
6919,음속,1
6920,풍동,1
6921,궐기,1
6922,태양절,1
6923,파란,1
6924,염색,1
6925,정보보호,1
6926,윤종,1
6927,열세,1
6928,사천시,1
6929,마일,1
6930,나사,1
6931,이영희,1
6932,김창현,1
6933,영혼,1
6934,크렘린궁,1
6935,의적,1
6936,방지책,1
6937,수시,1
6938,총살,1
6939,제압,1
6940,청송군,1
6941,유세정,1
6942,진구,1
6943,운악산,1
6944,소녀,1
6945,경산,1
6946,학부모,1
6947,구청,1
6948,손주,1
6949,노예,1
6950,정혁,1
6951,민중당,1
6952,윤민,1
6953,임금님,1
6954,공전,1
6955,정백,1
6956,상주시,1
6957,기업가,1
6958,다양성,1
6959,가죽,1
6960,재킷,1
6961,봉투,1
6962,무색,1
6963,참조,1
6964,실직자,1
6965,남원시장,1
6966,투기지역,1
6967,공중전,1
6968,지상전,1
6969,싹슬이하,1
6970,자승,1
6971,인성,1
6972,홍덕,1
6973,애매,1
6974,모호,1
6975,유익환,1
6976,중화,1
6977,미관,1
6978,원망,1
6979,용제,1
6980,포자,1
6981,영등포구,1
6982,최진,1
6983,경산시장,1
6984,평준화,1
6985,실추,1
6986,교육청,1
6987,김유근,1
6988,구슬,1
6989,교호,1
6990,순번,1
6991,절단,1
6992,산재,1
6993,무더위,1
6994,안산시장,1
6995,포지티브,1
6996,지방선거일,1
6997,비지,1
6998,장날,1
6999,장영,1
7000,공산주의,1
7001,팔이,1
7002,고양시장,1
7003,정치성향,1
7004,까딱,1
7005,군복,1
7006,오일장,1
7007,매수,1
7008,오류,1
7009,졸업,1
7010,베이비부머,1
7011,김영선,1
7012,퇴원,1
7013,위력,1
7014,퍼즐,1
7015,뻔뻔,1
7016,흙탕물,1
7017,우리당,1
7018,퍼줄,1
7019,김근태,1
7020,박수범,1
7021,화도,1
7022,외곽순환,1
7023,향상,1
7024,미더덕,1
7025,도탄,1
7026,투자가,1
7027,남군,1
7028,중대장,1
7029,해양,1
7030,손석희,1
7031,풍요,1
7032,판가름,1
7033,중과,1
7034,압승해,1
7035,마음속,1
7036,북러,1
7037,버니,1
7038,풀러턴,1
7039,스카이라인,1
7040,초인,1
7041,전치,1
7042,논개,1
7043,방탄복,1
7044,열전,1
7045,신경호,1
7046,음식물,1
7047,유기농,1
7048,테크노,1
7049,이강덕,1
7050,하이패스,1
7051,개구,1
7052,협찬,1
7053,황금,1
7054,전세,1
7055,분발,1
7056,최교진,1
7057,명석,1
7058,강철,1
7059,개혁개방,1
7060,스님,1
7061,마블,1
7062,완벽,1
7063,대고,1
7064,이기,1
7065,인증,1
7066,아시,1
7067,실향민,1
7068,캠페인,1
7069,가림,1
7070,정치범,1
7071,청소노동자,1
7072,경찰서,1
7073,삼각,1
7074,다짐,1
7075,리발,1
7076,개각설,1
7077,괘념치,1
7078,불분명,1
7079,단역,1
7080,발기,1
7081,도리,1
7082,외인부대,1
7083,체육부,1
7084,이정근,1
7085,마피아,1
7086,레드카드,1
7087,접점,1
7088,철길,1
7089,숲길,1
7090,빌보드,1
7091,숙식,1
7092,경제지표,1
7093,국철,1
7094,한편,1
7095,영부인,1
7096,인민공화국,1
7097,그거,1
7098,곤경,1
7099,미진,1
7100,영리,1
7101,그물,1
7102,물줄기,1
7103,정보라,1
7104,대세,1
7105,성적,1
7106,선량,1
7107,개울,1
7108,산등성이,1
7109,복리,1
7110,후생,1
7111,미필,1
7112,기령,1
7113,간이,1
7114,신상,1
7115,후사,1
7116,여옥,1
7117,쫑긋,1
7118,호언,1
7119,파산,1
7120,철로,1
7121,교회,1
7122,참으로,1
7123,강수,1
7124,확증,1
7125,인쇄,1
7126,실상,1
7127,저서,1
7128,신드롬,1
7129,마케팅,1
7130,통역사,1
7131,측정기,1
7132,행운,1
7133,연기론,1
7134,비치,1
7135,창밖,1
7136,블라인드,1
7137,군데,1
7138,천리,1
7139,하천,1
7140,현격,1
7141,저절로,1
7142,혼성,1
7143,페인트,1
7144,금물,1
7145,왕따,1
7146,문전,1
7147,알마티,1
7148,아카데미,1
7149,뒷마당,1
7150,뭉갠,1
7151,셧다운,1
7152,산입,1
7153,연행,1
7154,신신당부,1
7155,찬가,1
7156,세용,1
7157,조화,1
7158,추물,1
7159,작품,1
7160,심기,1
7161,동창회,1
7162,아사히신문,1
7163,견제구,1
7164,빗속,1
7165,행진곡,1
7166,경이,1
7167,피하,1
7168,김현종,1
7169,구책,1
7170,스팀,1
7171,광흥창,1
7172,사형선고,1
7173,자임,1
7174,히말라야,1
7175,오른쪽,1
7176,대학병원,1
7177,입후보,1
7178,선거권,1
7179,신념,1
7180,평화통일,1
7181,내곡동,1
7182,몇개,1
7183,월내,1
7184,네스,1
7185,추방,1
7186,루시,1
7187,참관인,1
7188,옛말,1
7189,리자오싱,1
7190,직결,1
7191,정읍시,1
7192,윌리엄,1
7193,이병철,1
7194,한탄,1
7195,파동,1
7196,가정사,1
7197,민낯,1
7198,졸속,1
7199,컨퍼런스,1
7200,엄격,1
7201,사적,1
7202,만삭,1
7203,예비군,1
7204,실업률,1
7205,스승의날,1
7206,궁금증,1
7207,박태성,1
7208,미반,1
7209,판도,1
7210,집념,1
7211,빌어,1
7212,택할,1
7213,개마고원,1
7214,도피,1
7215,국고,1
7216,주판,1
7217,고발장,1
7218,마라도,1
7219,즉흥,1
7220,고공,1
7221,소셜,1
7222,클러스터,1
7223,엉터리,1
7224,관공서,1
7225,자유의지,1
7226,대우,1
7227,진서,1
7228,폐후,1
7229,유조선,1
7230,카자흐스탄,1
7231,비핵,1
7232,흔적,1
7233,각국,1
7234,길터,1
7235,리까,1
7236,신변,1
7237,마셜,1
7238,스승,1
7239,카네이션,1
7240,종이꽃,1
7241,믿음,1
7242,분기점,1
7243,저기,1
7244,통큰,1
7245,그녀,1
7246,렸다,1
7247,산화,1
7248,직업,1
7249,소황제,1
7250,직립,1
7251,오니,1
7252,요구사항,1
7253,부분열,1
7254,상인,1
7255,면밀,1
7256,난제,1
7257,강제징수,1
7258,용이,1
7259,병상,1
7260,택일,1
7261,손익,1
7262,폐쇄해,1
7263,전업,1
7264,오발,1
7265,관통상,1
7266,직권상정,1
7267,만들기,1
7268,천추,1
7269,응급실,1
7270,이송,1
7271,선거범죄,1
7272,막걸리,1
7273,고무신,1
7274,활개,1
7275,탈락자,1
7276,선불,1
7277,복용,1
7278,애하,1
7279,습근평,1
7280,축원,1
7281,경어체,1
7282,번의,1
7283,덕담,1
7284,학수고대,1
7285,원용,1
7286,자도,1
7287,곽상도,1
7288,훈수,1
7289,상병,1
7290,역자,1
7291,대리전,1
7292,심실,1
7293,부정맥,1
7294,야외,1
7295,뒷문,1
7296,순치,1
7297,안경환,1
7298,열광,1
7299,문병호,1
7300,문항,1
7301,김도현,1
7302,이명희,1
7303,물통,1
7304,상급자,1
7305,대좌,1
7306,망명,1
7307,뒤론,1
7308,리지,1
7309,용법,1
7310,침낭,1
7311,감지,1
7312,천제,1
7313,선처,1
7314,전재수,1
7315,마지노선,1
7316,예고편,1
7317,범행,1
7318,침구,1
7319,세면,1
7320,몸종,1
7321,소꿉놀이,1
7322,흥청망청,1
7323,고단,1
7324,배배,1
7325,손익계산서,1
7326,괴한,1
7327,어린이날,1
7328,스토커,1
7329,진출,1
7330,구내식당,1
7331,기념품,1
7332,표절논란,1
7333,동네,1
7334,풍자,1
7335,버스비,1
7336,인질,1
7337,치료,1
7338,조림사업,1
7339,앞길,1
7340,무교,1
7341,볼거리,1
7342,맞선,1
7343,기념우표,1
7344,조선노동당,1
7345,김도균,1
7346,리스크,1
7347,마오,1
7348,사망설,1
7349,헛소문,1
7350,화파,1
7351,선언문,1
7352,복사,1
7353,상당수,1
7354,반덤핑,1
7355,청색,1
7356,주로,1
7357,설정,1
7358,최씨,1
7359,수선,1
7360,항상,1
7361,촉매,1
7362,상관,1
7363,모욕죄,1
7364,얽매,1
7365,매기,1
7366,정당화,1
7367,이상지,1
7368,해적,1
7369,신병,1
7370,역습,1
7371,윤영관,1
7372,투서,1
7373,증보,1
7374,혈맥,1
7375,쌍방,1
7376,주동,1
7377,방법론,1
7378,교섭,1
7379,이해해,1
7380,명의,1
7381,육수,1
7382,일품,1
7383,빌리버,1
7384,택해,1
7385,일어나고,1
7386,오직,1
7387,뿔테,1
7388,가쁜,1
7389,조언,1
7390,벤치,1
7391,숙녀,1
7392,연분홍,1
7393,피스,1
7394,하늘색,1
7395,코트,1
7396,패션,1
7397,이바지,1
7398,보필,1
7399,월북,1
7400,사문,1
7401,개별,1
7402,공산권,1
7403,대성동,1
7404,초등학생,1
7405,출발점,1
7406,북남수뇌상봉,1
7407,장식,1
7408,결속,1
7409,통절,1
7410,봉인,1
7411,최성,1
7412,남양주시,1
7413,자유로,1
7414,맥도날드,1
7415,이인호,1
7416,새집,1
7417,안드레이,1
7418,기점,1
7419,사주,1
7420,디저트,1
7421,다옥,1
7422,류관,1
7423,채광,1
7424,스나이더,1
7425,비위,1
7426,마이클,1
7427,비관,1
7428,대화방,1
7429,에르도안,1
7430,간격,1
7431,천호대로,1
7432,몸짓,1
7433,민어,1
7434,듬뿍,1
7435,손턴,1
7436,기본소득,1
7437,사상구,1
7438,냉채,1
7439,토론토,1
7440,업계,1
7441,경위서,1
7442,달빛,1
7443,기사단,1
7444,거품,1
7445,보금자리,1
7446,만취,1
7447,총격,1
7448,두둔,1
7449,결판,1
7450,주방,1
7451,전자담배,1
7452,파주,1
7453,단지,1
7454,바둑이,1
7455,벼룩,1
7456,우리동네,1
7457,누적,1
7458,지반,1
7459,함경북도,1
7460,무샤,1
7461,불능,1
7462,쏠때,1
7463,비누,1
7464,무르,1
7465,마이크,1
7466,선장,1
7467,휘하,1
7468,송종환,1
7469,냉각탑,1
7470,한참,1
7471,팟캐스트,1
7472,정치학,1
7473,지역별,1
7474,달리기,1
7475,가문,1
7476,위부,1
7477,창립,1
7478,만사,1
7479,실리콘밸리,1
7480,영국,1
7481,브렉,1
7482,시트,1
7483,타임지,1
7484,포춘지,1
7485,도중,1
7486,불시,1
7487,거덜날,1
7488,이성권,1
7489,정하나,1
7490,선회,1
7491,딴지,1
7492,디테일,1
7493,악마,1
7494,답문,1
7495,서막,1
7496,박은정,1
7497,뜬구름,1
7498,도마,1
7499,외고,1
7500,자사고,1
7501,불공정,1
7502,아이디,1
7503,비만,1
7504,마자,1
7505,의아,1
7506,타오,1
7507,협동,1
7508,짐승,1
7509,갈수,1
7510,양기대,1
7511,주미경,1
7512,데칼코마니,1
7513,강구,1
7514,발레단,1
7515,원고지,1
7516,시드,1
7517,나부랭이,1
7518,필명,1
7519,마술사,1
7520,캐릭터,1
7521,드루이드,1
7522,오명,1
7523,집요,1
7524,준엄,1
7525,나비,1
7526,재난대응,1
7527,문무대왕함,1
7528,기니,1
7529,보드,1
7530,지인,1
7531,정선,1
7532,발대식,1
7533,꼼짝,1
7534,인지,1
7535,스물,1
7536,살의,1
7537,닷새,1
7538,김석,1
7539,국군포로,1
7540,불화설,1
7541,밀리,1
7542,찻잔,1
7543,탄원,1
7544,산통,1
7545,디딤돌,1
7546,출판사,1
7547,행세,1
7548,헬싱키,1
7549,방패,1
7550,삼고,1
7551,알받이,1
7552,더티,1
7553,플레이,1
7554,독무대,1
7555,신라,1
7556,석불,1
7557,이충재,1
7558,맘속,1
7559,친정,1
7560,경내,1
7561,불상,1
7562,호로,1
7563,승격,1
7564,엄규숙,1
7565,황실,1
7566,맥락,1
7567,법성,1
7568,에어포스,1
7569,물귀신,1
7570,여성향,1
7571,끙끙,1
7572,속결,1
7573,일촉즉발,1
7574,슈밥,1
7575,화두,1
7576,상륙함,1
7577,일출,1
7578,봉함,1
7579,취역,1
7580,홍보수석,1
7581,남원,1
7582,국립,1
7583,대학원,1
7584,개교,1
7585,저장,1
7586,임시,1
7587,낳을,1
7588,임자,1
7589,원탁,1
7590,오자,1
7591,성조기,1
7592,누비,1
7593,한가운데,1
7594,패밀리,1
7595,로마,1
7596,국보,1
7597,폐기물,1
7598,뇌물죄,1
7599,증권,1
7600,공매도,1
7601,법정공휴일,1
7602,남포항,1
7603,감시자,1
7604,개월후,1
7605,좌초,1
7606,소도,1
7607,블랙코미디,1
7608,한용섭,1
7609,말장난,1
7610,가요,1
7611,특권,1
7612,따름,1
7613,담배,1
7614,국서,1
7615,국비,1
7616,재회,1
7617,엘리트,1
7618,묵음,1
7619,통편집,1
7620,남북한,1
7621,등재,1
7622,단원,1
7623,윤리규정,1
7624,대학가,1
7625,부소,1
7626,한판,1
7627,손명순,1
7628,우리은행,1
7629,기억,1
7630,이설주,1
7631,블랙박스,1
7632,잔해,1
7633,부랴부랴,1
7634,동정,1
7635,주무,1
7636,사모,1
7637,초미세먼지,1
7638,현행법,1
7639,공공장소,1
7640,경우,1
7641,무면허,1
7642,수백,1
7643,봄봄봄,1
7644,미안,1
7645,납작,1
7646,대충,1
7647,식이,1
7648,옌볜,1
7649,근로자,1
7650,술고래,1
7651,강기정,1
7652,송기호,1
7653,초등,1
7654,리기,1
7655,목걸이,1
7656,저잣거리,1
7657,화이트리스트,1
7658,염려,1
7659,공해,1
7660,벌떼,1
7661,매뉴얼,1
7662,대하,1
7663,자멸,1
7664,부적,1
7665,격자,1
7666,단수,1
7667,홍경,1
7668,군의관,1
7669,트라우마,1
7670,식도,1
7671,폭동,1
7672,기리,1
7673,지적재산권,1
7674,개월내,1
7675,장애물,1
7676,사진전,1
7677,장의,1
7678,마디,1
7679,최진희,1
7680,사면권,1
7681,봄바람,1
7682,폐쇄적,1
7683,두바이,1
7684,야단,1
7685,목돈,1
7686,요건,1
7687,추이,1
7688,엿새,1
7689,부르주아,1
7690,생활양식,1
7691,중용,1
7692,해역,1
7693,임수빈,1
7694,도세,1
7695,폭풍전야,1
7696,격화,1
7697,학습,1
7698,영원,1
7699,혼수,1
7700,두기,1
7701,괴담,1
7702,강좌,1
7703,끝판,1
7704,온몸,1
7705,활약,1
7706,이해관계자,1
7707,미보,1
7708,지상군,1
7709,반려,1
7710,연방국,1
7711,고르바초프,1
7712,정치국원,1
7713,직책,1
7714,주임,1
7715,맹인,1
7716,김동오,1
7717,요트,1
7718,첼로,1
7719,명품시계,1
7720,골동품,1
7721,매각,1
7722,주초,1
7723,로만,1
7724,연방,1
7725,지도력,1
7726,거주,1
7727,용광로,1
7728,다주,1
7729,택정,1
7730,세현,1
7731,선사,1
7732,후당,1
7733,김병관,1
7734,획기,1
7735,흐트러뜨리,1
7736,특급,1
7737,원자로,1
7738,김명일,1
7739,행안부,1
7740,정통부,1
7741,체험,1
7742,변혁,1
7743,투항,1
7744,자숙,1
7745,구치소,1
7746,사전통지,1
7747,열쇠,1
7748,가스,1
7749,파병,1
7750,태규,1
7751,루스벨트,1
7752,신의,1
7753,심경,1
7754,도운,1
7755,경제원,1
7756,멀쩡,1
7757,변곡점,1
7758,기차,1
7759,김용현,1
7760,군부독재,1
7761,망상,1
7762,이스타항공,1
7763,장성민,1
7764,본론,1
7765,돕기,1
7766,목격,1
7767,가능케,1
7768,패스트푸드,1
7769,이보,1
7770,잠행,1
7771,잔디,1
7772,키신저,1
7773,브레진스키,1
7774,번진,1
7775,히든카드,1
7776,협연,1
7777,이서,1
7778,조각,1
7779,호찌민,1
7780,인류,1
7781,대이동,1
7782,양구,1
7783,위수,1
7784,일베,1
7785,폐쇄할,1
7786,폐정,1
7787,엄단해,1
7788,육군훈련소,1
7789,생활환경,1
7790,공기청정기,1
7791,레이디,1
7792,가가,1
7793,저리,1
7794,성조,1
7795,군통,1
7796,주군,1
7797,인두,1
7798,야수,1
7799,구한국,1
7800,거머,1
7801,결선투표제,1
7802,기상청,1
7803,접속,1
7804,해주,1
7805,무척,1
7806,영웅,1
7807,분리수거,1
7808,사회자,1
7809,애창,1
7810,보폭,1
7811,통장,1
7812,사유재산제,1
7813,실버,1
7814,응모,1
7815,김희,1
7816,일원,1
7817,자주권,1
7818,파시스트,1
7819,흔드,1
7820,질서,1
7821,길성,1
7822,격식,1
7823,부작,1
7824,초비상,1
7825,국민소환제,1
7826,서현,1
7827,셈법,1
7828,내부고발자,1
7829,정대유,1
7830,정리해고,1
7831,배심원,1
7832,부마항쟁,1
7833,천정배,1
7834,할리우드,1
7835,액션,1
7836,어음,1
7837,반칙,1
7838,선곡,1
7839,노트북,1
7840,샌프란시스코,1
7841,조용필,1
7842,이선희,1
7843,시보,1
7844,도덕,1
7845,대별,1
7846,특징,1
7847,론스타,1
7848,세도,1
7849,말살,1
7850,기념물,1
7851,군사시설,1
7852,초토화,1
7853,출고,1
7854,금메달,1
7855,의현,1
7856,핀란드,1
7857,욕구,1
7858,돌파구,1
7859,권연,1
7860,삼권분립,1
7861,운보,1
7862,김기창,1
7863,이병,1
7864,방문진,1
7865,아태,1
7866,위태,1
7867,메이,1
7868,품격,1
7869,예절,1
7870,출퇴근,1
7871,문단,1
7872,김현,1
7873,청년실업,1
7874,오줌,1
7875,누기,1
7876,스톡홀름,1
7877,투성이,1
7878,은공,1
7879,방기,1
7880,탈선,1
7881,훈풍,1
7882,한주,1
7883,대망,1
7884,고성만,1
7885,로이스,1
7886,호킹,1
7887,인과,1
7888,설리번,1
7889,뻘쭘,1
7890,잉태,1
7891,기네스북,1
7892,일념,1
7893,최흥,1
7894,힐링,1
7895,트럴,1
7896,부지,1
7897,정보통,1
7898,매파,1
7899,블랙홀,1
7900,방아쇠,1
7901,한자어,1
7902,배심,1
7903,시내버스,1
7904,적격,1
7905,폭압,1
7906,연초,1
7907,주승현,1
7908,고난,1
7909,행군,1
7910,몸부림,1
7911,용산기지,1
7912,인치,1
7913,알리바이,1
7914,매번,1
7915,야유,1
7916,탄약통,1
7917,요강,1
7918,심사숙고,1
7919,극찬,1
7920,사견,1
7921,그르쳐,1
7922,입대,1
7923,방송사고,1
7924,스텔스기,1
7925,침공,1
7926,비상등,1
7927,용의자,1
7928,김태우,1
7929,풀기,1
7930,번번이,1
7931,미치광이,1
7932,노망,1
7933,늙은이,1
7934,전서,1
7935,들쭉날쭉,1
7936,빼주,1
7937,이혼,1
7938,부인과,1
7939,코레일네트웍스,1
7940,코리안,1
7941,급등,1
7942,얼음장,1
7943,전향,1
7944,남북문제,1
7945,그릇,1
7946,황찬현,1
7947,엔씨소프트,1
7948,사외이사,1
7949,남침,1
7950,샤프,1
7951,파로,1
7952,숙성,1
7953,여유,1
7954,므누신,1
7955,일병,1
7956,교재,1
7957,공로,1
7958,술술,1
7959,촛불시위,1
7960,진압,1
7961,상습,1
7962,최성준,1
7963,유훈,1
7964,재시,1
7965,아빠,1
7966,히든,1
7967,리다,1
7968,언쟁,1
7969,행방,1
7970,묘연,1
7971,이목,1
7972,전적,1
7973,경영인,1
7974,성도착,1
7975,명소,1
7976,손색,1
7977,워쩌자,1
7978,그랬댜,1
7979,김보름,1
7980,박지우,1
7981,에릭,1
7982,슈밋,1
7983,부로,1
7984,도지,1
7985,우희,1
7986,신원식,1
7987,폐암,1
7988,천시,1
7989,우대,1
7990,임해,1
7991,본사,1
7992,객기,1
7993,발판,1
7994,묵적,1
7995,밀봉,1
7996,안고,1
7997,윤덕민,1
7998,적화통일,1
7999,양원제,1
8000,거인,1
8001,연구개발,1
8002,방사포,1
8003,포격때,1
8004,노사모,1
8005,주먹,1
8006,한국은행,1
8007,비즈니스,1
8008,성비,1
8009,국한,1
8010,네덜란드,1
8011,사법심사,1
8012,출몰,1
8013,힘자랑,1
8014,잇속,1
8015,탄저,1
8016,백신,1
8017,처지,1
8018,건국절,1
8019,쐐기,1
8020,일본정부,1
8021,참수,1
8022,브라질,1
8023,초치,1
8024,친위대,1
8025,단언,1
8026,유리천장,1
8027,끼리끼리,1
8028,묵비권,1
8029,행랑,1
8030,출석요구서,1
8031,안쪽,1
8032,김성곤,1
8033,국가보훈처,1
8034,중개업,1
8035,워커힐,1
8036,프레지,1
8037,덴셜,1
8038,스위트룸,1
8039,아무나,1
8040,에어시티,1
8041,평등,1
8042,매출원가,1
8043,흑자,1
8044,절감,1
8045,온종일,1
8046,여성인권,1
8047,유라,1
8048,겜린,1
8049,사비,1
8050,스파이,1
8051,후커,1
8052,할복,1
8053,스케이트장,1
8054,컬링,1
8055,재일,1
8056,우의,1
8057,일삼,1
8058,괴벨스,1
8059,엑소,1
8060,씨엘,1
8061,치욕,1
8062,정차,1
8063,그땐,1
8064,가량,1
8065,박스,1
8066,쥐구멍,1
8067,샛길,1
8068,연좌농성,1
8069,스노보드,1
8070,대남공작,1
8071,센스,1
8072,대한항공,1
8073,비즈니스석,1
8074,댄스파티,1
8075,치달,1
8076,바닷물,1
8077,마르,1
8078,나이지리아,1
8079,이인,1
8080,유대교,1
8081,코셔,1
8082,와인,1
8083,우애,1
8084,건배,1
8085,커머스,1
8086,황해도,1
8087,사리원,1
8088,재판소,1
8089,속출,1
8090,함승희,1
8091,휴대,1
8092,하사,1
8093,목함지뢰,1
8094,허둥지둥,1
8095,리시,1
8096,직거래,1
8097,미끄럼,1
8098,근원,1
8099,법제처장,1
8100,과도기,1
8101,목함,1
8102,이사회,1
8103,모욕감,1
8104,보수당,1
8105,상춘,1
8106,금기,1
8107,부스럼,1
8108,신영균,1
8109,장학금,1
8110,마찰,1
8111,김정철,1
8112,득남,1
8113,사관생도,1
8114,교제,1
8115,차만,1
8116,은메달,1
8117,추월,1
8118,통가,1
8119,사이클론,1
8120,상존,1
8121,사이버사령부,1
8122,경원선,1
8123,강제추행,1
8124,강등,1
8125,루프트한자,1
8126,현무,1
8127,설계도,1
8128,리앙쿠르,1
8129,암초,1
8130,미적,1
8131,대자,1
8132,계주,1
8133,수임,1
8134,신차,1
8135,부평,1
8136,중립성,1
8137,이건희,1
8138,쓰시,1
8139,실사,1
8140,반증,1
8141,수퍼히어로,1
8142,아쿠아,1
8143,결연,1
8144,그레이,1
8145,다도,1
8146,차민규,1
8147,박주현,1
8148,이상돈,1
8149,정숙,1
8150,불합리,1
8151,즉생,1
8152,이상화,1
8153,스켈레톤,1
8154,묘소,1
8155,굴레,1
8156,뮌헨,1
8157,브레이커,1
8158,김민석,1
8159,매국,1
8160,정의화,1
8161,동구,1
8162,스트레스,1
8163,남녀,1
8164,자원봉사자,1
8165,가성,1
8166,불꽃놀이,1
8167,윤성빈,1
8168,연휴,1
8169,미드,1
8170,웨스트윙,1
8171,하우스,1
8172,오브,1
8173,생존자,1
8174,강추,1
8175,예선,1
8176,겹친,1
8177,이모,1
8178,요동,1
8179,라트비아,1
8180,특급작전,1
8181,대미,1
8182,후안,1
8183,무치,1
8184,얼룩,1
8185,귀향,1
8186,겨울철,1
8187,층간소음,1
8188,진작,1
8189,코츠,1
8190,햇볕,1
8191,만족감,1
8192,교추협,1
8193,곡목,1
8194,박찬우,1
8195,신세대,1
8196,우상화,1
8197,재방송,1
8198,길트기,1
8199,광명성,1
8200,가려진,1
8201,영창,1
8202,박종희,1
8203,워홀,1
8204,수감,1
8205,유니스트,1
8206,사당,1
8207,지리,1
8208,멸렬,1
8209,창제,1
8210,단보,1
8211,난동,1
8212,터널,1
8213,지하차도,1
8214,상당,1
8215,여객기,1
8216,최병국,1
8217,김현아,1
8218,훈풍타,1
8219,손해배상,1
8220,가식,1
8221,독창,1
8222,앙코르,1
8223,수지,1
8224,평앙,1
8225,스킨십,1
8226,인민배우,1
8227,리영호,1
8228,홍위병,1
8229,방위산업,1
8230,진흥,1
8231,송승환,1
8232,총감독,1
8233,새장,1
8234,황태,1
8235,칠레,1
8236,출입구,1
8237,롯데,1
8238,건축,1
8239,미디어아트,1
8240,역차별,1
8241,성화,1
8242,일부러,1
8243,억지로,1
8244,청록색,1
8245,회식,1
8246,전민주,1
8247,황주홍,1
8248,무책임,1
8249,화성,1
8250,봉숭아학당,1
8251,팝송,1
8252,메들리,1
8253,전야,1
8254,제스쳐,1
8255,예년,1
8256,무더기,1
8257,최소한,1
8258,정형식,1
8259,박준영,1
8260,보선송,1
8261,징역형,1
8262,애애,1
8263,각축,1
8264,입촌,1
8265,총독,1
8266,망각,1
8267,인제스피디움,1
8268,핸드백,1
8269,샤넬,1
8270,도선사,1
8271,동족,1
8272,광대,1
8273,해공,1
8274,부양정,1
8275,졸개,1
8276,테이프,1
8277,직위해제,1
8278,에어쇼,1
8279,블랙이글스,1
8280,활주로,1
8281,집유,1
8282,도미,1
8283,노식,1
8284,김일,1
8285,삐걱,1
8286,연한,1
8287,이석현,1
8288,집행유예,1
8289,전송,1
8290,뱃길,1
8291,터주,1
8292,한밤중,1
8293,노리,1
8294,일본인,1
8295,김원홍,1
8296,종북,1
8297,지척,1
8298,직속,1
8299,대답,1
8300,패거리,1
8301,궤변,1
8302,조셉윤,1
8303,특임,1
8304,악명,1
8305,미주,1
8306,신동빈,1
8307,대리인,1
8308,신동주,1
8309,남하,1
8310,일리,1
8311,제윤경,1
8312,는걸,1
8313,군절,1
8314,벙커,1
8315,토마호크,1
8316,증강,1
8317,피싱,1
8318,메일,1
8319,진주의료원,1
8320,폐업,1
8321,걸레,1
8322,비밀요원,1
8323,분란,1
8324,소방시설,1
8325,시공,1
8326,안대,1
8327,의석,1
8328,유신헌법,1
8329,잔재,1
8330,대못,1
8331,실조,1
8332,코이카,1
8333,최재형,1
8334,편승,1
8335,참여정부,1
8336,아디다스,1
8337,운동복,1
8338,주행,1
8339,수소차,1
8340,경부,1
8341,대시,1
8342,참고자료,1
8343,박금옥,1
8344,해구해,1
8345,나포,1
8346,김승연,1
8347,품질,1
8348,관람객,1
8349,전술핵,1
8350,내무반,1
8351,저해,1
8352,아시아나,1
8353,동업,1
8354,워싱턴포스트,1
8355,원화,1
8356,안달,1
8357,손기웅,1
8358,초등생,1
8359,꽃제비,1
8360,사사건건,1
8361,수작,1
8362,순환,1
8363,오케이,1
8364,설선물,1
8365,재민,1
8366,일변도,1
8367,초대장,1
8368,전하라,1
8369,키스트,1
8370,완결,1
8371,물든,1
8372,묵힌,1
8373,소방법,1
8374,원희목,1
8375,샤워,1
8376,파편,1
8377,연다,1
8378,줄어드,1
8379,청약,1
8380,아부,1
8381,북남,1
8382,최교일,1
8383,의류,1
8384,불감증,1
8385,서주,1
8386,한겨레신문,1
8387,달랑,1
8388,분쇄,1
8389,처법,1
8390,금융시장,1
8391,형성,1
8392,원죄,1
8393,본색,1
8394,회송,1
8395,상치,1
8396,게이트,1
8397,한겨레,1
8398,국민당,1
8399,위군,1
8400,통행료,1
8401,남남,1
8402,정쟁거리,1
8403,찬물,1
8404,당황,1
8405,횡령,1
8406,산란,1
8407,농가,1
8408,초동,1
8409,기후,1
8410,봉변,1
8411,전광판,1
8412,둘째,1
8413,달동,1
8414,안느,1
8415,화재현장,1
8416,기비,1
8417,혜원,1
8418,헛소리,1
8419,모친상,1
8420,태안군,1
8421,합성사진,1
8422,공업,1
8423,리나,1
8424,표방,1
8425,요술,1
8426,영하,1
8427,국립현충원,1
8428,콤플렉스,1
8429,진천,1
8430,국가대표,1
8431,선수촌,1
8432,꽃다발,1
8433,소감,1
8434,김경협,1
8435,인연,1
8436,출입국,1
8437,입김,1
8438,수원시,1
8439,창단,1
8440,상좌,1
8441,이상득,1
8442,중환자실,1
8443,타이밍,1
8444,주마가편,1
8445,종신형,1
8446,입법조사처,1
8447,그게,1
8448,태운,1
8449,마욘,1
8450,화산,1
8451,시티,1
8452,타임스퀘어,1
8453,재일동포,1
8454,조리,1
8455,신생아,1
8456,감염,1
8457,민사,1
8458,청안,1
8459,소각,1
8460,차후,1
8461,심중,1
8462,쇼잉,1
8463,야단법석,1
8464,업주,1
8465,음향,1
8466,기기,1
8467,메이어,1
8468,사운드,1
8469,포청천,1
8470,딱지,1
8471,무너,1
8472,편집,1
8473,캄보디아,1
8474,중고생,1
8475,망언,1
8476,특별대우,1
8477,혁파,1
8478,격화되,1
8479,운전면허,1
8480,화형식,1
8481,온통,1
8482,도배,1
8483,위험성,1
8484,도급,1
8485,집기,1
8486,공연장,1
8487,하하,1
8488,체코,1
8489,프라하,1
8490,윤용,1
8491,황영조,1
8492,체육관,1
8493,환경보전,1
8494,니시,1
8495,모피,1
8496,목도리,1
8497,도라산,1
8498,단가,1
8499,유니폼,1
8500,평창동계올림픽,1
8501,분별,1
8502,측은,1
8503,악설,1
8504,알비노,1
8505,말라리아,1
8506,토크,1
8507,휘둘린,1
8508,박홍근,1
8509,시세,1
8510,혈액형,1
8511,유사,1
8512,분할,1
8513,인민보안성,1
8514,식료품,1
8515,면술,1
8516,창작,1
8517,예술인,1
8518,앙금,1
8519,생기지,1
8520,대표팀,1
8521,휴화산,1
8522,거기,1
8523,품위,1
8524,수자원공사,1
8525,철호,1
8526,중앙회,1
8527,가상화,1
8528,폐시,1
8529,배꼽,1
8530,매도,1
8531,두우,1
8532,김효재,1
8533,김희중,1
8534,종적,1
8535,사이비,1
8536,동분서주,1
8537,엔트리,1
8538,구식,1
8539,리프트,1
8540,불법선거,1
8541,한해,1
8542,이심전심,1
8543,설움,1
8544,홍은동,1
8545,지탄,1
8546,마땅,1
8547,기와,1
8548,소시오패스,1
8549,자행,1
8550,명장,1
8551,악성댓글,1
8552,결벽증,1
8553,김진,1
8554,전국체전,1
8555,리현상,1
8556,재우,1
8557,장거리,1
8558,소이,1
8559,랭킹,1
8560,맹폭하,1
8561,교향악단,1
8562,삼대,1
8563,워드,1
8564,처남,1
8565,분풀이,1
8566,타래,1
8567,이호철,1
8568,오해,1
8569,시종,1
8570,버전,1
8571,경로,1
8572,워낙,1
8573,거물,1
8574,부탁,1
8575,솔선수범,1
8576,원서,1
8577,고사,1
8578,눈빛,1
8579,눈웃음,1
8580,공룡,1
8581,비문,1
8582,천안문,1
8583,반체제,1
8584,수족,1
8585,탁상공론,1
8586,출퇴근시간,1
8587,순혈,1
8588,행정학,1
8589,수류탄,1
8590,훈련병,1
8591,원천,1
8592,병태,1
8593,전옥,1
8594,투하,1
8595,볼리비아,1
8596,티티카카호,1
8597,수서,1
8598,여포,1
8599,삼국지,1
8600,애인,1
8601,장웅,1
8602,항공모함,1
8603,소양,1
8604,진두,1
8605,뒷짐,1
8606,동준,1
8607,김동우,1
8608,이인선,1
8609,물건,1
8610,갈팡질팡,1
8611,철퇴,1
8612,택풍,1
8613,피폭,1
8614,현해탄,1
8615,여직원,1
8616,폐쇄안,1
8617,빈대,1
8618,초가삼간,1
8619,투자자,1
8620,칩거,1
8621,크리스토퍼,1
8622,유래,1
8623,열사,1
8624,치사,1
8625,동판,1
8626,보태,1
8627,안감,1
8628,애국가,1
8629,가사,1
8630,단복,1
8631,구석,1
8632,인형,1
8633,번쩍,1
8634,손질,1
8635,맥주,1
8636,과격,1
8637,엽기,1
8638,제제,1
8639,통찰,1
8640,땅굴,1
8641,핵폭탄,1
8642,문제해결,1
8643,도모,1
8644,부모,1
8645,스튜어드,1
8646,영동,1
8647,한술,1
8648,트자,1
8649,에쿠스,1
8650,전이,1
8651,유선,1
8652,박스오피스,1
8653,소유권,1
8654,어깨동무,1
8655,할랄,1
8656,발품,1
8657,통일전선부,1
8658,달린다,1
8659,태블릿,1
8660,권총,1
8661,작법,1
8662,충당,1
8663,동선,1
8664,동계올림픽,1
8665,허창수,1
8666,중동,1
8667,통로,1
8668,간질,1
8669,상극,1
8670,목포시,1
8671,무안군,1
8672,김상훈,1
8673,신장,1
8674,해당화,1
8675,여수,1
8676,빼갔다틸러슨,1
8677,약간,1
8678,비웃음,1
8679,사실혼,1
8680,법률혼,1
8681,상폐,1
8682,코스닥,1
8683,사냥꾼,1
8684,일람,1
8685,안국정,1
8686,공판,1
8687,듯박,1
8688,토요일,1
8689,듯칼,1
8690,금고,1
8691,이원종,1
8692,남재준,1
8693,이병기,1
8694,배당,1
8695,반중,1
8696,고취,1
8697,교양,1
8698,국론,1
8699,로켓엔진,1
8700,중요성,1
8701,경구,1
8702,자필,1
8703,버르장머리,1
8704,실었다,1
8705,기우,1
8706,색깔,1
8707,크루즈,1
8708,도일,1
8709,김상조,1
8710,포진,1
8711,정두언,1
8712,항변,1
8713,김준수,1
8714,미지,1
8715,패소,1
8716,일본군,1
8717,용처,1
8718,중하,1
8719,재심,1
8720,강단,1
8721,크레이지,1
8722,리더,1
8723,에프,1
8724,군납,1
8725,통추협,1
8726,상대성이론,1
8727,어학,1
8728,무혈,1
8729,샴페인,1
8730,오리발,1
8731,주둔지,1
8732,임태희,1
8733,실형,1
8734,김종,1
8735,미술,1
8736,협회장,1
8737,입감,1
8738,대우조선,1
8739,연료,1
8740,일감,1
8741,평화로,1
8742,창당,1
8743,연락망,1
8744,상시,1
8745,덩어리,1
8746,백드롭,1
8747,쌍란,1
8748,작동,1
8749,조처,1
8750,바위,1
8751,백년,1
8752,국민투표제,1
8753,소수,1
8754,휘둘릴,1
8755,옥상,1
8756,김용익,1
8757,케어,1
8758,부과,1
8759,천만,1
8760,광물,1
8761,혹사,1
8762,공갈,1
8763,파나마,1
8764,선적,1
8765,전경련,1
8766,책략,1
8767,죄인,1
8768,폭탄주,1
8769,유행,1
8770,좌향좌,1
8771,비정규직,1
8772,치기,1
8773,요미우리,1
8774,민방위,1
8775,문웅,1
8776,일전,1
8777,핵심쟁점,1
8778,시장경제,1
8779,계획경제,1
8780,굴뚝,1
8781,패러다임,1
8782,노화,1
8783,수가,1
8784,타자,1
8785,이승엽,1
8786,시그널,1
8787,군용,1
8788,방자,1
8789,선두,1
8790,하차,1
8791,감금,1
8792,진행형,1
8793,달력,1
8794,컨벤션,1
8795,의인,1
